# 1D z+ on top wall (simple), 2nd-order FD pipeline
# generated by 12.phase3_compute_zplus_spanavg_2nd.py
# source tau   : 26.Re10595_j257_toptauwall_spanavg_2nd.dat
# Re           = 10595
# z_plus(j) = Re * u_tau_local(j) * d_n(j)
TITLE     = "1D z+ on top wall (simple)"
VARIABLES = "j" "y" "z" "tau_local" "u_tau_local" "d_n" "z_plus"
ZONE T="top_zplus_1d_simple", I=257, F=POINT
DT=(SINGLE SINGLE SINGLE SINGLE SINGLE SINGLE SINGLE)
   0 -4.157677122000000e-09 3.035713191000000e+00 3.988187195500491e-03 6.315209573324145e-02 8.875016000000180e-03 5.938241737399915e+00
   1 4.531623283000000e-02 3.035713191000000e+00 3.994353717933288e-03 6.320089966079034e-02 8.875005000000158e-03 5.942823443734169e+00
   2 8.935215292000000e-02 3.035713191000000e+00 3.999004221163985e-03 6.323768039044431e-02 8.875033000000254e-03 5.946300720770275e+00
   3 1.299316683000000e-01 3.035713191000000e+00 4.002010677483982e-03 6.326144700750989e-02 8.874982000000031e-03 5.948501335929997e+00
   4 1.660501841000000e-01 3.035713191000000e+00 4.003614834606825e-03 6.327412452659321e-02 8.875038000000224e-03 5.949730950358814e+00
   5 2.033456740000000e-01 3.035713191000000e+00 4.004195558689316e-03 6.327871331410995e-02 8.876165000000213e-03 5.950918022353934e+00
   6 2.416774740000000e-01 3.035713191000000e+00 4.003446088472474e-03 6.327279105960534e-02 8.880270000000134e-03 5.953112966245320e+00
   7 2.808909266000000e-01 3.035713191000000e+00 4.001364225923972e-03 6.325633743684479e-02 8.887633000000061e-03 5.956499592305801e+00
   8 3.209641077000000e-01 3.035713191000000e+00 3.997817184198764e-03 6.322829417435491e-02 8.898376999999957e-03 5.961056359488146e+00
   9 3.620735149000000e-01 3.035713191000000e+00 3.992687273570599e-03 6.318771457784020e-02 8.913345000000295e-03 5.967251268315709e+00
  10 4.041994022000000e-01 3.035713191000000e+00 3.985832787700704e-03 6.313345220800701e-02 8.933204000000305e-03 5.975410562624009e+00
  11 4.470777966000000e-01 3.035713191000000e+00 3.977191488141430e-03 6.306497830128406e-02 8.958547000000205e-03 5.985863212099262e+00
  12 4.906375533000000e-01 3.035713191000000e+00 3.966660592440534e-03 6.298143053663147e-02 8.989989000000254e-03 5.998914086084485e+00
  13 5.348332419000000e-01 3.035713191000000e+00 3.954191993692076e-03 6.288236631753036e-02 9.028176000000165e-03 6.014919981006095e+00
  14 5.794396247000000e-01 3.035713191000000e+00 3.939751755309110e-03 6.276744184136478e-02 9.073857000000185e-03 6.034305876200724e+00
  15 6.240382170000000e-01 3.035713191000000e+00 3.923566437569781e-03 6.263837831210017e-02 9.126380000000101e-03 6.056755108220606e+00
  16 6.684711816000000e-01 3.035713191000000e+00 3.905751594030958e-03 6.249601262505439e-02 9.185120000000158e-03 6.081883613238671e+00
  17 7.125892688000000e-01 3.035713191000000e+00 3.886547305060984e-03 6.234217918120110e-02 9.249500000000133e-03 6.109437085235513e+00
  18 7.560029274000000e-01 3.035713191000000e+00 3.866107316441409e-03 6.217802921001444e-02 9.319481000000351e-03 6.139452460696881e+00
  19 7.987681529000000e-01 3.035713191000000e+00 3.844681972608400e-03 6.200549953518962e-02 9.393981000000107e-03 6.171359543585674e+00
  20 8.408644102000000e-01 3.035713191000000e+00 3.822374518024518e-03 6.182535497693901e-02 9.472386000000110e-03 6.204788277308457e+00
  21 8.822830455000000e-01 3.035713191000000e+00 3.799401541363052e-03 6.163928569802746e-02 9.554244000000267e-03 6.239573236895896e+00
  22 9.229650340000000e-01 3.035713191000000e+00 3.775806706854288e-03 6.144759317381185e-02 9.639999000000010e-03 6.275998435844570e+00
  23 9.629375763000000e-01 3.035713191000000e+00 3.751776566117174e-03 6.125174745358025e-02 9.728933000000328e-03 6.313710388617979e+00
  24 1.002252761000000e+00 3.035713191000000e+00 3.727384557940878e-03 6.105231001314265e-02 9.820361000000055e-03 6.352292898036511e+00
  25 1.040881335000000e+00 3.035713191000000e+00 3.702801116318061e-03 6.085064598110739e-02 9.913853000000028e-03 6.391585885848398e+00
  26 1.078659453000000e+00 3.035713191000000e+00 3.678168829776805e-03 6.064790870076894e-02 1.000913600000031e-02 6.431516396965434e+00
  27 1.115475285000000e+00 3.035713191000000e+00 3.653626630470387e-03 6.044523662349571e-02 1.010562999999998e-02 6.471820097759756e+00
  28 1.151527242000000e+00 3.035713191000000e+00 3.629208508125155e-03 6.024291251363230e-02 1.020258700000021e-02 6.512042526389319e+00
  29 1.186835638000000e+00 3.035713191000000e+00 3.604976975219583e-03 6.004146046874262e-02 1.029952199999995e-02 6.551930444190334e+00
  30 1.221392582000000e+00 3.035713191000000e+00 3.581009066674721e-03 5.984153295725905e-02 1.039606600000020e-02 6.591324594716612e+00
  31 1.255131339000000e+00 3.035713191000000e+00 3.557328231478674e-03 5.964334188724400e-02 1.049226900000022e-02 6.630287293747715e+00
  32 1.288367356000000e+00 3.035713191000000e+00 3.533850643077813e-03 5.944619956799436e-02 1.058809600000021e-02 6.668726808988307e+00
  33 1.321143278000000e+00 3.035713191000000e+00 3.510542915688452e-03 5.924983473131762e-02 1.068361000000007e-02 6.706657533804706e+00
  34 1.353498845000000e+00 3.035713191000000e+00 3.487432517648407e-03 5.905448770117650e-02 1.077888200000032e-02 6.744155650942882e+00
  35 1.385332370000000e+00 3.035713191000000e+00 3.464536676490690e-03 5.886031495405618e-02 1.087408800000000e-02 6.781353530669514e+00
  36 1.416810412000000e+00 3.035713191000000e+00 3.441815637103843e-03 5.866698933049013e-02 1.096922000000022e-02 6.818212139096889e+00
  37 1.447965513000000e+00 3.035713191000000e+00 3.419242569253333e-03 5.847428981401426e-02 1.106431899999993e-02 6.854733984508423e+00
  38 1.478809618000000e+00 3.035713191000000e+00 3.396832373559252e-03 5.828235044641947e-02 1.115945000000007e-02 6.890977147428132e+00
  39 1.509284184000000e+00 3.035713191000000e+00 3.374616651321626e-03 5.809145075931247e-02 1.125481200000022e-02 6.927099543509805e+00
  40 1.539403850000000e+00 3.035713191000000e+00 3.352593924947276e-03 5.790158827655141e-02 1.135048300000019e-02 6.963150475136644e+00
  41 1.569209325000000e+00 3.035713191000000e+00 3.330763608662693e-03 5.771276815976420e-02 1.144646299999996e-02 6.999131857577317e+00
  42 1.598681009000000e+00 3.035713191000000e+00 3.309131009834670e-03 5.752504680428057e-02 1.154282099999993e-02 7.035093967159948e+00
  43 1.627728265000000e+00 3.035713191000000e+00 3.287777544125182e-03 5.733914495460481e-02 1.163962400000029e-02 7.071167499744240e+00
  44 1.656200912000000e+00 3.035713191000000e+00 3.266783653980552e-03 5.715578408158314e-02 1.173664800000029e-02 7.107309494058702e+00
  45 1.684169739000000e+00 3.035713191000000e+00 3.246157173854183e-03 5.697505747126705e-02 1.183343400000014e-02 7.143261118752846e+00
  46 1.711604906000000e+00 3.035713191000000e+00 3.225916947327181e-03 5.679715615527930e-02 1.192968000000016e-02 7.178874257641517e+00
  47 1.738461998000000e+00 3.035713191000000e+00 3.206147924187207e-03 5.662285690591042e-02 1.202507400000030e-02 7.214072400259084e+00
  48 1.764472518000000e+00 3.035713191000000e+00 3.186960447775964e-03 5.645317039614307e-02 1.211922000000021e-02 7.248764110361939e+00
  49 1.789859647000000e+00 3.035713191000000e+00 3.168298095834766e-03 5.628763714915351e-02 1.221171500000029e-02 7.282670135707805e+00
  50 1.814617539000000e+00 3.035713191000000e+00 3.150146458269201e-03 5.612616554040727e-02 1.230219500000018e-02 7.315582975486635e+00
  51 1.838741817000000e+00 3.035713191000000e+00 3.132566527281175e-03 5.596933559799665e-02 1.239027500000001e-02 7.347372494742431e+00
  52 1.862011383000000e+00 3.035713191000000e+00 3.115645663285038e-03 5.581796900000069e-02 1.247538500000012e-02 7.377835170580684e+00
  53 1.884618154000000e+00 3.035713191000000e+00 3.099326489230978e-03 5.567159499449408e-02 1.255714799999996e-02 7.406715069775634e+00
  54 1.906651450000000e+00 3.035713191000000e+00 3.083549183513783e-03 5.552971441952302e-02 1.263515700000006e-02 7.433734461172633e+00
  55 1.928146716000000e+00 3.035713191000000e+00 3.068321674125352e-03 5.539243336526526e-02 1.270907600000015e-02 7.458738508692144e+00
  56 1.949053765000000e+00 3.035713191000000e+00 3.053651927763551e-03 5.525985819528993e-02 1.277862700000032e-02 7.481607503495768e+00
  57 1.969480273000000e+00 3.035713191000000e+00 3.039488397537842e-03 5.513155537020375e-02 1.284373299999997e-02 7.502266281840632e+00
  58 1.989566440000000e+00 3.035713191000000e+00 3.025742797439715e-03 5.500675228951183e-02 1.290435200000006e-02 7.520611703089499e+00
  59 2.009354036000000e+00 3.035713191000000e+00 3.012404270642358e-03 5.488537392277070e-02 1.296033600000035e-02 7.536571943324891e+00
  60 2.028863723000000e+00 3.035713191000000e+00 2.999454235446924e-03 5.476727339796024e-02 1.301151899999997e-02 7.550054407903000e+00
  61 2.048142440000000e+00 3.035713191000000e+00 2.986865529536923e-03 5.465222346379810e-02 1.305775500000017e-02 7.560966471751706e+00
  62 2.067320300000000e+00 3.035713191000000e+00 2.974563492361490e-03 5.453955896742740e-02 1.309897100000024e-02 7.569196212925288e+00
  63 2.086450623000000e+00 3.035713191000000e+00 2.962539383325176e-03 5.442921442869790e-02 1.313501399999994e-02 7.574667388949777e+00
  64 2.105588509000000e+00 3.035713191000000e+00 2.950734959974787e-03 5.432066788962363e-02 1.316573300000012e-02 7.577241087005446e+00
  65 2.124901397000000e+00 3.035713191000000e+00 2.939086865269015e-03 5.421334582249112e-02 1.319100200000012e-02 7.576784901848636e+00
  66 2.144477994000000e+00 3.035713191000000e+00 2.927520083249725e-03 5.410656229377103e-02 1.321064100000013e-02 7.573119212344785e+00
  67 2.164438138000000e+00 3.035713191000000e+00 2.916027263910737e-03 5.400025244302786e-02 1.322463300000010e-02 7.566244649341531e+00
  68 2.184916159000000e+00 3.035713191000000e+00 2.904492481353539e-03 5.389334357185068e-02 1.323256200000023e-02 7.555792573088365e+00
  69 2.206473911000000e+00 3.035713191000000e+00 2.892629673895140e-03 5.378317277639113e-02 1.323461500000001e-02 7.541516604918719e+00
  70 2.229149300000000e+00 3.035713191000000e+00 2.880283767103614e-03 5.366827523876293e-02 1.323470300000018e-02 7.525455624640749e+00
  71 2.252735937000000e+00 3.035713191000000e+00 2.867576104531453e-03 5.354975354314390e-02 1.323466299999998e-02 7.508813619182201e+00
  72 2.277160216000000e+00 3.035713191000000e+00 2.854512852873372e-03 5.342764128120735e-02 1.323467500000008e-02 7.491697677415827e+00
  73 2.302472449000000e+00 3.035713191000000e+00 2.841129895173280e-03 5.330225037625785e-02 1.323467400000000e-02 7.474114626743209e+00
  74 2.328600170000000e+00 3.035713191000000e+00 2.827470161751803e-03 5.317396131333270e-02 1.323467200000028e-02 7.456124631695608e+00
  75 2.355350443000000e+00 3.035713191000000e+00 2.813645742866026e-03 5.304380965641538e-02 1.323467300000036e-02 7.437875152677959e+00
  76 2.382702840000000e+00 3.035713191000000e+00 2.799669944451712e-03 5.291190739759542e-02 1.323467300000036e-02 7.419379638501773e+00
  77 2.410689189000000e+00 3.035713191000000e+00 2.785523973730373e-03 5.277806337608811e-02 1.323467300000036e-02 7.400611847719927e+00
  78 2.439430226000000e+00 3.035713191000000e+00 2.771177213559652e-03 5.264197197635791e-02 1.323467300000036e-02 7.381528926506254e+00
  79 2.468709999000000e+00 3.035713191000000e+00 2.756717261042230e-03 5.250444991657593e-02 1.323467300000036e-02 7.362245396193801e+00
  80 2.498521341000000e+00 3.035713191000000e+00 2.742169099318804e-03 5.236572447048550e-02 1.323467300000036e-02 7.342793125416048e+00
  81 2.528857986000000e+00 3.035713191000000e+00 2.727510362559016e-03 5.222557192179916e-02 1.323467300000036e-02 7.323140744370816e+00
  82 2.559923257000000e+00 3.035713191000000e+00 2.712689825671820e-03 5.208348899288354e-02 1.323467300000036e-02 7.303217682783679e+00
  83 2.591500174000000e+00 3.035713191000000e+00 2.697785699773816e-03 5.194021274286250e-02 1.323467300000036e-02 7.283127292087702e+00
  84 2.623569711000000e+00 3.035713191000000e+00 2.682829736610155e-03 5.179603977728563e-02 1.323467300000036e-02 7.262911162716564e+00
  85 2.656127118000000e+00 3.035713191000000e+00 2.667810471199772e-03 5.165085160188332e-02 1.323467300000036e-02 7.242552679242576e+00
  86 2.689303406000000e+00 3.035713191000000e+00 2.652691585219654e-03 5.150428705670679e-02 1.323467300000036e-02 7.222001199326385e+00
  87 2.723019329000000e+00 3.035713191000000e+00 2.637510791501276e-03 5.135670152474042e-02 1.323467300000036e-02 7.201306555253539e+00
  88 2.757203008000000e+00 3.035713191000000e+00 2.622304404720829e-03 5.120844075658650e-02 1.323467300000036e-02 7.180517228643857e+00
  89 2.791850889000000e+00 3.035713191000000e+00 2.607084197698719e-03 5.105961415540387e-02 1.323467300000036e-02 7.159648560157110e+00
  90 2.827036942000000e+00 3.035713191000000e+00 2.591818972222729e-03 5.090991035370942e-02 1.323467300000036e-02 7.138656889421223e+00
  91 2.862791516000000e+00 3.035713191000000e+00 2.576530229461211e-03 5.075953338498307e-02 1.323467300000036e-02 7.117570826288322e+00
  92 2.898992710000000e+00 3.035713191000000e+00 2.561258041452257e-03 5.060887314940194e-02 1.323467300000036e-02 7.096445043091677e+00
  93 2.935638331000000e+00 3.035713191000000e+00 2.546040313902010e-03 5.045830272514137e-02 1.323467300000036e-02 7.075331853360585e+00
  94 2.972751842000000e+00 3.035713191000000e+00 2.530838930406703e-03 5.030744408541049e-02 1.323467300000036e-02 7.054178249664147e+00
  95 3.010466243000000e+00 3.035713191000000e+00 2.515664420968246e-03 5.015639960132950e-02 1.323467300000036e-02 7.032998586620107e+00
  96 3.048611472000000e+00 3.035713191000000e+00 2.500557624159867e-03 5.000557593068863e-02 1.323467300000036e-02 7.011849886337044e+00
  97 3.087184461000000e+00 3.035713191000000e+00 2.485571751945483e-03 4.985550874221908e-02 1.323467300000036e-02 6.990807261013186e+00
  98 3.126182390000000e+00 3.035713191000000e+00 2.470678848067496e-03 4.970592367180692e-02 1.323467300000036e-02 6.969832238939229e+00
  99 3.165767921000000e+00 3.035713191000000e+00 2.455869881073323e-03 4.955673396293709e-02 1.323467300000036e-02 6.948912654998598e+00
 100 3.205801435000000e+00 3.035713191000000e+00 2.441176884121658e-03 4.940826736611655e-02 1.323467300000036e-02 6.928094466813267e+00
 101 3.246252193000000e+00 3.035713191000000e+00 2.426649180717904e-03 4.926103105617973e-02 1.323467300000036e-02 6.907448791128496e+00
 102 3.287115902000000e+00 3.035713191000000e+00 2.412278276052923e-03 4.911494961875583e-02 1.323467300000036e-02 6.886965053238615e+00
 103 3.328497896000000e+00 3.035713191000000e+00 2.398058301539857e-03 4.896997346884983e-02 1.323467300000036e-02 6.866636300268167e+00
 104 3.370357691000000e+00 3.035713191000000e+00 2.384000508964797e-03 4.882622767493714e-02 1.323467300000036e-02 6.846480069488920e+00
 105 3.412619252000000e+00 3.035713191000000e+00 2.370152357327405e-03 4.868421055462854e-02 1.323467300000036e-02 6.826566235674187e+00
 106 3.455280508000000e+00 3.035713191000000e+00 2.356523298277418e-03 4.854403463122341e-02 1.323467300000036e-02 6.806910576994087e+00
 107 3.498398864000000e+00 3.035713191000000e+00 2.343113623572273e-03 4.840571891390803e-02 1.323467300000036e-02 6.787515758942581e+00
 108 3.542027985000000e+00 3.035713191000000e+00 2.329918987301255e-03 4.826923437658044e-02 1.323467300000036e-02 6.768377711440164e+00
 109 3.586053234000000e+00 3.035713191000000e+00 2.316980690076616e-03 4.813502560585811e-02 1.323467300000036e-02 6.749558775027170e+00
 110 3.630472646000000e+00 3.035713191000000e+00 2.304318251816118e-03 4.800331500861287e-02 1.323467300000036e-02 6.731090135897735e+00
 111 3.675294568000000e+00 3.035713191000000e+00 2.291948312619419e-03 4.787429699347468e-02 1.323467300000036e-02 6.712999054294435e+00
 112 3.720660309000000e+00 3.035713191000000e+00 2.279882127021903e-03 4.774811124036115e-02 1.323467300000036e-02 6.695305116325340e+00
 113 3.766405503000000e+00 3.035713191000000e+00 2.268188776653275e-03 4.762550552648523e-02 1.323467300000036e-02 6.678113176328553e+00
 114 3.812530118000000e+00 3.035713191000000e+00 2.256894260416924e-03 4.750678120454935e-02 1.323467300000036e-02 6.661465490389981e+00
 115 3.859034290000000e+00 3.035713191000000e+00 2.246009049838686e-03 4.739207792277825e-02 1.323467300000036e-02 6.645381640173678e+00
 116 3.906051976000000e+00 3.035713191000000e+00 2.235539619422266e-03 4.728149341362079e-02 1.323467300000036e-02 6.629875329856581e+00
 117 3.953476247000000e+00 3.035713191000000e+00 2.225546353419283e-03 4.717569663946981e-02 1.323467300000036e-02 6.615040362255495e+00
 118 4.001270569000000e+00 3.035713191000000e+00 2.216080986539920e-03 4.707526937299372e-02 1.323467300000036e-02 6.600958314325450e+00
 119 4.049434190000000e+00 3.035713191000000e+00 2.207175573791485e-03 4.698058720143337e-02 1.323467300000036e-02 6.587681851420318e+00
 120 4.098059683000000e+00 3.035713191000000e+00 2.198834676791889e-03 4.689173356564981e-02 1.323467300000036e-02 6.575222673731150e+00
 121 4.147122086000000e+00 3.035713191000000e+00 2.191075643167132e-03 4.680892696021915e-02 1.323467300000036e-02 6.563611418864659e+00
 122 4.196551118000000e+00 3.035713191000000e+00 2.183902254857529e-03 4.673223999400766e-02 1.323467300000036e-02 6.552858268134851e+00
 123 4.246349442000000e+00 3.035713191000000e+00 2.177297257218479e-03 4.666151794807450e-02 1.323467300000036e-02 6.542941526641355e+00
 124 4.296563599000000e+00 3.035713191000000e+00 2.171272714647480e-03 4.659691743718119e-02 1.323467300000036e-02 6.533883155119099e+00
 125 4.347279926000000e+00 3.035713191000000e+00 2.165840394306786e-03 4.653859037730716e-02 1.323467300000036e-02 6.525704455433388e+00
 126 4.398400736000000e+00 3.035713191000000e+00 2.160976150794322e-03 4.648630067874106e-02 1.323467300000036e-02 6.518372322763715e+00
 127 4.449951199000000e+00 3.035713191000000e+00 2.156614467898675e-03 4.643936334510493e-02 1.323467300000036e-02 6.511790705986064e+00
 128 4.501958969000000e+00 3.035713191000000e+00 2.152926028162850e-03 4.639963392272454e-02 1.323467300000036e-02 6.506219792330588e+00
 129 4.550857869000000e+00 3.035713191000000e+00 2.150010657697124e-03 4.636820740223978e-02 1.323467300000036e-02 6.501813122874478e+00
 130 4.601483357000000e+00 3.035713191000000e+00 2.147470018088091e-03 4.634080295040312e-02 1.323467300000036e-02 6.497970433355966e+00
 131 4.652672134000000e+00 3.035713191000000e+00 2.145442184401043e-03 4.631891821276748e-02 1.323467300000036e-02 6.494901725671933e+00
 132 4.703505648000000e+00 3.035713191000000e+00 2.143983925520751e-03 4.630317403289704e-02 1.323467300000036e-02 6.492694055351567e+00
 133 4.753867304000000e+00 3.035713191000000e+00 2.143070369484471e-03 4.629330804214007e-02 1.323467300000036e-02 6.491310632705586e+00
 134 4.803830507000000e+00 3.035713191000000e+00 2.142717050409037e-03 4.628949179251202e-02 1.323467300000036e-02 6.490775512990980e+00
 135 4.853410035000000e+00 3.035713191000000e+00 2.142910211145520e-03 4.629157818810587e-02 1.323467300000036e-02 6.491068070219556e+00
 136 4.902589313000000e+00 3.035713191000000e+00 2.143616325721849e-03 4.629920437460939e-02 1.323467300000036e-02 6.492137424466010e+00
 137 4.951271856000000e+00 3.035713191000000e+00 2.144782837600442e-03 4.631180019822639e-02 1.323467300000036e-02 6.493903627989384e+00
 138 4.999479070000000e+00 3.035713191000000e+00 2.146341174748944e-03 4.632862155027866e-02 1.323467300000036e-02 6.496262340858511e+00
 139 5.047307113000000e+00 3.035713191000000e+00 2.148258301141667e-03 4.634930745050747e-02 1.323467300000036e-02 6.499162945930417e+00
 140 5.094752753000000e+00 3.035713191000000e+00 2.150531518107812e-03 4.637382363044708e-02 1.323467300000036e-02 6.502600638034219e+00
 141 5.141772882000000e+00 3.035713191000000e+00 2.153193322503976e-03 4.640251418300495e-02 1.323467300000036e-02 6.506623666345515e+00
 142 5.188290018000000e+00 3.035713191000000e+00 2.156262210346387e-03 4.643557052892090e-02 1.323467300000036e-02 6.511258872140859e+00
 143 5.234425061000000e+00 3.035713191000000e+00 2.159759111203816e-03 4.647320853140889e-02 1.323467300000036e-02 6.516536524053782e+00
 144 5.280174087000000e+00 3.035713191000000e+00 2.163685408054947e-03 4.651543193451983e-02 1.323467300000036e-02 6.522457147080193e+00
 145 5.325533878000000e+00 3.035713191000000e+00 2.168044989834202e-03 4.656227002449732e-02 1.323467300000036e-02 6.529024847777015e+00
 146 5.370347647000000e+00 3.035713191000000e+00 2.172811434234262e-03 4.661342547200605e-02 1.323467300000036e-02 6.536197934220350e+00
 147 5.414758912000000e+00 3.035713191000000e+00 2.177964795449182e-03 4.666867038441509e-02 1.323467300000036e-02 6.543944450995458e+00
 148 5.458779335000000e+00 3.035713191000000e+00 2.183465701268453e-03 4.672756896381892e-02 1.323467300000036e-02 6.552203289927153e+00
 149 5.502408166000000e+00 3.035713191000000e+00 2.189280613795354e-03 4.678974902471005e-02 1.323467300000036e-02 6.560922262657237e+00
 150 5.545523671000000e+00 3.035713191000000e+00 2.195362868634133e-03 4.685469953626992e-02 1.323467300000036e-02 6.570029711749113e+00
 151 5.588182237000000e+00 3.035713191000000e+00 2.201701259966089e-03 4.692228958571916e-02 1.323467300000036e-02 6.579507280434753e+00
 152 5.630438454000000e+00 3.035713191000000e+00 2.208283281852043e-03 4.699237472028885e-02 1.323467300000036e-02 6.589334713350386e+00
 153 5.672289613000000e+00 3.035713191000000e+00 2.215112761645649e-03 4.706498445389788e-02 1.323467300000036e-02 6.599516148977868e+00
 154 5.713660809000000e+00 3.035713191000000e+00 2.222166245892053e-03 4.713985835672455e-02 1.323467300000036e-02 6.610015069493302e+00
 155 5.754513543000000e+00 3.035713191000000e+00 2.229446857530063e-03 4.721701872767978e-02 1.323467300000036e-02 6.620834601680313e+00
 156 5.794953300000000e+00 3.035713191000000e+00 2.236940599614652e-03 4.729630640562382e-02 1.323467300000036e-02 6.631952427747358e+00
 157 5.834977274000000e+00 3.035713191000000e+00 2.244654666556210e-03 4.737778663631523e-02 1.323467300000036e-02 6.643377696543467e+00
 158 5.874557306000000e+00 3.035713191000000e+00 2.252545408731938e-03 4.746098828229284e-02 1.323467300000036e-02 6.655044344532878e+00
 159 5.913555009000000e+00 3.035713191000000e+00 2.260604635202824e-03 4.754581616927849e-02 1.323467300000036e-02 6.666939026248833e+00
 160 5.952124538000000e+00 3.035713191000000e+00 2.268801222337829e-03 4.763193490020985e-02 1.323467300000036e-02 6.679014711858965e+00
 161 5.990264327000000e+00 3.035713191000000e+00 2.277143366220371e-03 4.771942336429025e-02 1.323467300000036e-02 6.691282463314688e+00
 162 6.027972935000000e+00 3.035713191000000e+00 2.285589176691884e-03 4.780783593399605e-02 1.323467300000036e-02 6.703679794118388e+00
 163 6.065078500000000e+00 3.035713191000000e+00 2.294128151083191e-03 4.789705785414372e-02 1.323467300000036e-02 6.716190613142119e+00
 164 6.101715875000000e+00 3.035713191000000e+00 2.302747518059407e-03 4.798695153955299e-02 1.323467300000036e-02 6.728795628004722e+00
 165 6.137908801000000e+00 3.035713191000000e+00 2.311460305732118e-03 4.807764871259947e-02 1.323467300000036e-02 6.741513308996909e+00
 166 6.173655227000000e+00 3.035713191000000e+00 2.320235904688999e-03 4.816882710518285e-02 1.323467300000036e-02 6.754298467247228e+00
 167 6.208833132000000e+00 3.035713191000000e+00 2.329057596114150e-03 4.826031077515094e-02 1.323467300000036e-02 6.767126431907740e+00
 168 6.243468208000000e+00 3.035713191000000e+00 2.337908239404272e-03 4.835192074162382e-02 1.323467300000036e-02 6.779972106035971e+00
 169 6.277641049000000e+00 3.035713191000000e+00 2.346802620762547e-03 4.844380890023561e-02 1.323467300000036e-02 6.792856788644385e+00
 170 6.311348358000000e+00 3.035713191000000e+00 2.355724689372958e-03 4.853580832100108e-02 1.323467300000036e-02 6.805757072583351e+00
 171 6.344513442000000e+00 3.035713191000000e+00 2.364658363234126e-03 4.862775301444769e-02 1.323467300000036e-02 6.818649682583215e+00
 172 6.377059830000000e+00 3.035713191000000e+00 2.373583643683562e-03 4.871943804769881e-02 1.323467300000036e-02 6.831505882677215e+00
 173 6.409118483000000e+00 3.035713191000000e+00 2.382518990438935e-03 4.881105397795601e-02 1.323467300000036e-02 6.844352393055397e+00
 174 6.440683789000000e+00 3.035713191000000e+00 2.391458024451711e-03 4.890253597158035e-02 1.323467300000036e-02 6.857180122656711e+00
 175 6.471735409000000e+00 3.035713191000000e+00 2.400383974613111e-03 4.899371362341409e-02 1.323467300000036e-02 6.869965177038106e+00
 176 6.502068984000000e+00 3.035713191000000e+00 2.409258728392784e-03 4.908420039475823e-02 1.323467300000036e-02 6.882653355217353e+00
 177 6.531877748000000e+00 3.035713191000000e+00 2.418111025804579e-03 4.917429232642376e-02 1.323467300000036e-02 6.895286168439711e+00
 178 6.561153880000000e+00 3.035713191000000e+00 2.426942445568237e-03 4.926400760766664e-02 1.323467300000036e-02 6.907866167227396e+00
 179 6.589889384000000e+00 3.035713191000000e+00 2.435739116393020e-03 4.935320776193803e-02 1.323467300000036e-02 6.920373934210342e+00
 180 6.617872884000000e+00 3.035713191000000e+00 2.444458259108220e-03 4.944146295477329e-02 1.323467300000036e-02 6.932749197415156e+00
 181 6.645222581000000e+00 3.035713191000000e+00 2.453118245569555e-03 4.952896370377190e-02 1.323467300000036e-02 6.945018671478824e+00
 182 6.671970296000000e+00 3.035713191000000e+00 2.461716720187048e-03 4.961569026212422e-02 1.323467200000028e-02 6.957179061798549e+00
 183 6.698095108000000e+00 3.035713191000000e+00 2.470237983796847e-03 4.970148874829453e-02 1.323467400000000e-02 6.969210894517978e+00
 184 6.723401638000000e+00 3.035713191000000e+00 2.478617521531245e-03 4.978571603915369e-02 1.323467500000008e-02 6.981021888200098e+00
 185 6.747822768000000e+00 3.035713191000000e+00 2.486830313092608e-03 4.986812923193137e-02 1.323466299999998e-02 6.992571639721505e+00
 186 6.771405245000000e+00 3.035713191000000e+00 2.494843902801951e-03 4.994841241523049e-02 1.323470300000018e-02 7.003850216535045e+00
 187 6.794075129000000e+00 3.035713191000000e+00 2.502676133322396e-03 5.002675417536497e-02 1.323461500000001e-02 7.014788786676286e+00
 188 6.815627382000000e+00 3.035713191000000e+00 2.510286961586446e-03 5.010276401144399e-02 1.323256200000023e-02 7.024357130564049e+00
 189 6.836100089000000e+00 3.035713191000000e+00 2.517814108755755e-03 5.017782487071112e-02 1.322463200000001e-02 7.030664729499011e+00
 190 6.856054749000000e+00 3.035713191000000e+00 2.525407556891646e-03 5.025343328461893e-02 1.321063899999997e-02 7.033808235888875e+00
 191 6.875624963000000e+00 3.035713191000000e+00 2.533171376732231e-03 5.033062066706739e-02 1.319099900000031e-02 7.034138813185576e+00
 192 6.894929702000000e+00 3.035713191000000e+00 2.541098151679404e-03 5.040930620113120e-02 1.316573000000032e-02 7.031639961698555e+00
 193 6.914062088000000e+00 3.035713191000000e+00 2.549273460334065e-03 5.049033036467543e-02 1.313500899999998e-02 7.026508049062864e+00
 194 6.933188817000000e+00 3.035713191000000e+00 2.557726900199257e-03 5.057397453433195e-02 1.309896700000035e-02 7.018835994813747e+00
 195 6.952360767000000e+00 3.035713191000000e+00 2.566519949793885e-03 5.066083250198209e-02 1.305774900000012e-02 7.008766628209750e+00
 196 6.971628345000000e+00 3.035713191000000e+00 2.575671443571474e-03 5.075107332432955e-02 1.301151300000036e-02 6.996389712177330e+00
 197 6.991124181000000e+00 3.035713191000000e+00 2.585260286822591e-03 5.084545492787523e-02 1.296032800000013e-02 6.981827126783680e+00
 198 7.010898081000000e+00 3.035713191000000e+00 2.595312311799544e-03 5.094420783366391e-02 1.290434300000021e-02 6.965169228879560e+00
 199 7.030970695000000e+00 3.035713191000000e+00 2.605870829625111e-03 5.104773089594788e-02 1.284372500000019e-02 6.946537770429114e+00
 200 7.051383723000000e+00 3.035713191000000e+00 2.616969169475253e-03 5.115632091418667e-02 1.277861900000010e-02 6.926027089011740e+00
 201 7.072277122000000e+00 3.035713191000000e+00 2.628697005811125e-03 5.127082021785027e-02 1.270906799999993e-02 6.903747988280142e+00
 202 7.093753761000000e+00 3.035713191000000e+00 2.641114060801175e-03 5.139177036064408e-02 1.263514800000021e-02 6.879785106458434e+00
 203 7.115770803000000e+00 3.035713191000000e+00 2.654244241421750e-03 5.151935792905177e-02 1.255713699999994e-02 6.854283059893310e+00
 204 7.138363298000000e+00 3.035713191000000e+00 2.668117013501102e-03 5.165381896337484e-02 1.247537300000001e-02 6.827424976199084e+00
 205 7.161616668000000e+00 3.035713191000000e+00 2.682806096461843e-03 5.179581157257643e-02 1.239026399999998e-02 6.799487243574458e+00
 206 7.185721880000000e+00 3.035713191000000e+00 2.698391225557165e-03 5.194604148110966e-02 1.230218300000008e-02 6.770731660775653e+00
 207 7.210460585000000e+00 3.035713191000000e+00 2.714820508737851e-03 5.210393947426481e-02 1.221170200000010e-02 6.741363099079668e+00
 208 7.235828630000000e+00 3.035713191000000e+00 2.732075759507606e-03 5.226926209071260e-02 1.211920700000002e-02 6.711529964319686e+00
 209 7.261820138000000e+00 3.035713191000000e+00 2.750206902033974e-03 5.244241510489361e-02 1.202506000000003e-02 6.681452678780382e+00
 210 7.288655024000000e+00 3.035713191000000e+00 2.769273405580731e-03 5.262388626451614e-02 1.192966699999998e-02 6.651386730247525e+00
 211 7.316070239000000e+00 3.035713191000000e+00 2.789199845777691e-03 5.281287575750530e-02 1.183342000000032e-02 6.621418781910556e+00
 212 7.344018936000000e+00 3.035713191000000e+00 2.809928757707321e-03 5.300876114103518e-02 1.173663400000002e-02 6.591620217899458e+00
 213 7.372470157000000e+00 3.035713191000000e+00 2.831467025235452e-03 5.321153094241371e-02 1.163960800000030e-02 6.562133622439323e+00
 214 7.401498368000000e+00 3.035713191000000e+00 2.853811402423327e-03 5.342107638772666e-02 1.154280600000002e-02 6.533185537574658e+00
 215 7.430950757000000e+00 3.035713191000000e+00 2.876894972973817e-03 5.363669427708812e-02 1.144644800000005e-02 6.504796350346977e+00
 216 7.460737028000000e+00 3.035713191000000e+00 2.900648497289086e-03 5.385766888094105e-02 1.135046700000020e-02 6.476826200831975e+00
 217 7.490838096000000e+00 3.035713191000000e+00 2.925082243895070e-03 5.408402947169404e-02 1.125479700000032e-02 6.449227066183849e+00
 218 7.521296059000000e+00 3.035713191000000e+00 2.950203156635210e-03 5.431577263222176e-02 1.115943500000016e-02 6.421982675468283e+00
 219 7.552133391000000e+00 3.035713191000000e+00 2.976031110126641e-03 5.455301192534323e-02 1.106430400000002e-02 6.395047789870528e+00
 220 7.583284665000000e+00 3.035713191000000e+00 3.002541620751386e-03 5.479545255540268e-02 1.096920300000015e-02 6.368256578892357e+00
 221 7.614760760000000e+00 3.035713191000000e+00 3.029741407614729e-03 5.504308682854486e-02 1.087407200000001e-02 6.341557673877622e+00
 222 7.646594284000000e+00 3.035713191000000e+00 3.057661576142154e-03 5.529612623088668e-02 1.077886699999997e-02 6.314933508782844e+00
 223 7.678952294000000e+00 3.035713191000000e+00 3.086380220294106e-03 5.555519975928542e-02 1.068359500000016e-02 6.288442450074641e+00
 224 7.711730964000000e+00 3.035713191000000e+00 3.115856306900031e-03 5.581985584807642e-02 1.058808100000030e-02 6.261911518578763e+00
 225 7.744968912000000e+00 3.035713191000000e+00 3.146078209799575e-03 5.608991183626139e-02 1.049225400000031e-02 6.235259231321872e+00
 226 7.778707300000000e+00 3.035713191000000e+00 3.177113143044299e-03 5.636588634133503e-02 1.039605000000021e-02 6.208485357744295e+00
 227 7.813250390000000e+00 3.035713191000000e+00 3.209102228633590e-03 5.664893845990047e-02 1.029950599999996e-02 6.181717184142750e+00
 228 7.848543063000000e+00 3.035713191000000e+00 3.242045623893831e-03 5.693896402195803e-02 1.020257100000022e-02 6.154887905749635e+00
 229 7.884578600000000e+00 3.035713191000000e+00 3.275880674550061e-03 5.723530968335946e-02 1.010561500000007e-02 6.128126853077219e+00
 230 7.921378318000000e+00 3.035713191000000e+00 3.310597973231376e-03 5.753779604078849e-02 1.000912099999995e-02 6.101689770229818e+00
 231 7.959142733000000e+00 3.035713191000000e+00 3.346191128984711e-03 5.784627152189422e-02 9.913838000000119e-03 6.076005393760183e+00
 232 7.997759975000000e+00 3.035713191000000e+00 3.382497364156454e-03 5.815924143381217e-02 9.820332999999959e-03 6.051261334229227e+00
 233 8.037064286000000e+00 3.035713191000000e+00 3.419301751879659e-03 5.847479586864463e-02 9.728908000000036e-03 6.027452159296530e+00
 234 8.077025910000000e+00 3.035713191000000e+00 3.456438909839942e-03 5.879148671227784e-02 9.639986000000267e-03 6.004706808006810e+00
 235 8.117697101999999e+00 3.035713191000000e+00 3.493793084204236e-03 5.910831654009642e-02 9.554229000000358e-03 5.983360883542912e+00
 236 8.159116876000001e+00 3.035713191000000e+00 3.531159176827430e-03 5.942355742319228e-02 9.472367999999953e-03 5.963732711066119e+00
 237 8.201219035999999e+00 3.035713191000000e+00 3.568454814613195e-03 5.973654505085806e-02 9.393975000000054e-03 5.945528456363888e+00
 238 8.243992509000000e+00 3.035713191000000e+00 3.605423281277739e-03 6.004517700263477e-02 9.319478000000103e-03 5.928852935940558e+00
 239 8.287414421999999e+00 3.035713191000000e+00 3.641873876726568e-03 6.034794011999555e-02 9.249485000000224e-03 5.913995152525988e+00
 240 8.331524443999999e+00 3.035713191000000e+00 3.677459936287111e-03 6.064206408333337e-02 9.185117000000353e-03 5.901462187236889e+00
 241 8.375952846000001e+00 3.035713191000000e+00 3.711864452376789e-03 6.092507244457564e-02 9.126372999999965e-03 5.891084198839994e+00
 242 8.420549769000001e+00 3.035713191000000e+00 3.744692294354188e-03 6.119389098884127e-02 9.073839000000028e-03 5.883016937359678e+00
 243 8.465155920000001e+00 3.035713191000000e+00 3.775692335817843e-03 6.144666252790174e-02 9.028161000000257e-03 5.877580087663471e+00
 244 8.509346286000000e+00 3.035713191000000e+00 3.804423049199487e-03 6.168000526264154e-02 8.989989000000254e-03 5.874954716765559e+00
 245 8.552906855000000e+00 3.035713191000000e+00 3.830825689810173e-03 6.189366437536376e-02 8.958537000000266e-03 5.874680449734462e+00
 246 8.595785513999999e+00 3.035713191000000e+00 3.854847828282819e-03 6.208742085384784e-02 8.933191000000118e-03 5.876397971413096e+00
 247 8.637909216000001e+00 3.035713191000000e+00 3.876568133360657e-03 6.226209226616672e-02 8.913345999999933e-03 5.879839035298736e+00
 248 8.679020455000000e+00 3.035713191000000e+00 3.895917445239088e-03 6.241728482751463e-02 8.898376999999957e-03 5.884595773484429e+00
 249 8.719095269000000e+00 3.035713191000000e+00 3.913090262702200e-03 6.255469816650225e-02 8.887633000000061e-03 5.890430101135628e+00
 250 8.758314929000001e+00 3.035713191000000e+00 3.928173643011823e-03 6.267514374145322e-02 8.880270000000134e-03 5.896882445363421e+00
 251 8.796654422000000e+00 3.035713191000000e+00 3.941382162613555e-03 6.278042818118999e-02 8.876165000000213e-03 5.904057809456665e+00
 252 8.833948637000001e+00 3.035713191000000e+00 3.952626290057866e-03 6.286991561993595e-02 8.875038000000224e-03 5.911722771496716e+00
 253 8.870067516000001e+00 3.035713191000000e+00 3.962357121033177e-03 6.294725666010535e-02 8.874982000000031e-03 5.918957881113822e+00
 254 8.910645569000000e+00 3.035713191000000e+00 3.971815397780624e-03 6.302234046574773e-02 8.875033000000254e-03 5.926052097773228e+00
 255 8.954680578000000e+00 3.035713191000000e+00 3.980636091404494e-03 6.309228234423363e-02 8.875005000000158e-03 5.932610083818516e+00
 256 9.000000000000000e+00 3.035713191000000e+00 3.988179081442582e-03 6.315203149101842e-02 8.875016000000180e-03 5.938235696652643e+00
