# 1D z+ on bottom wall (n-projection), 2nd-order FD pipeline
# generated by 12.phase3_compute_zplus_spanavg_2nd.py
# source tau   : 25.Re10595_j257_bottomtauwall_spanavg_2nd.dat
# Re           = 10595
# z_plus(j) = Re * u_tau_local(j) * d_n(j)
TITLE     = "1D z+ on bottom wall (n-projection)"
VARIABLES = "j" "y" "z" "tau_local" "u_tau_local" "dy_step" "dz_step" "n_y" "n_z" "d_n_proj" "z_plus_proj"
ZONE T="bottom_zplus_1d_n-projection", I=257, F=POINT
DT=(SINGLE SINGLE SINGLE SINGLE SINGLE SINGLE SINGLE SINGLE SINGLE SINGLE SINGLE)
   0 -4.157677122000000e-09 9.999996597000000e-01 1.205763554207637e-04 1.098072654339246e-02 -3.326159491800000e-08 8.875016299999983e-03 -5.621194665822627e-09 1.000000000000000e+00 8.875016300000170e-03 1.032526476184305e+00
   1 2.460930753000000e-02 1.000002018000000e+00 1.120663171319970e-04 1.058613797057251e-02 5.517440000001733e-06 8.875006000000019e-03 1.573661639910856e-04 9.999999876179451e-01 8.875006758367575e-03 9.954219277285624e-01
   2 4.921882892000000e-02 9.999955990000000e-01 1.030433496387637e-04 1.015102702384166e-02 1.549288000000232e-05 8.875033999999893e-03 -1.574733053882873e-05 9.999999998760108e-01 8.875033754927982e-03 9.545110457906586e-01
   3 7.382791061000001e-02 1.000007405000000e+00 9.530024628702459e-05 9.762184503840551e-03 4.499540999999829e-05 8.874982000000031e-03 -7.703494964430449e-04 9.999997032807826e-01 8.874944704430881e-03 9.179385910216610e-01
   4 9.843774676000000e-02 9.999944522000001e-01 8.760990028678601e-05 9.360016040947045e-03 1.232959600000055e-04 8.875038799999957e-03 2.912085384024793e-03 9.999957598703687e-01 8.875360217047988e-03 8.801638808379718e-01
   5 1.230483191000000e-01 9.997359873000000e-01 8.766707500506706e-05 9.363069742614707e-03 2.792595999999981e-04 8.876165700000049e-03 2.250150188935992e-02 9.997468091535592e-01 8.880202096510340e-03 8.809313567584897e-01
   6 1.476634449000000e-01 9.987944598000000e-01 1.032758557720061e-04 1.016247291617577e-02 5.021402000000008e-04 8.880270199999929e-03 5.340147842927365e-02 9.985731230618857e-01 8.894414176306096e-03 9.576740314069219e-01
   7 1.722795540000000e-01 9.971055958000000e-01 1.266156913015234e-04 1.125236380950791e-02 7.729314000000098e-04 8.887633199999967e-03 8.332842201132716e-02 9.965221392849746e-01 8.921130403529138e-03 1.063566412836800e+00
   8 1.968872289000000e-01 9.946412402000000e-01 1.552177078653935e-04 1.245863988826202e-02 1.094811700000003e-03 8.898376799999941e-03 1.177341349654400e-01 9.930451517750537e-01 8.965386648357101e-03 1.183424668717129e+00
   9 2.214969322000000e-01 9.912078622000000e-01 1.941470002488638e-04 1.393366427932236e-02 1.472387800000002e-03 8.913344800000056e-03 1.591878446209775e-01 9.872483122927724e-01 9.034070851011839e-03 1.333674340772708e+00
  10 2.461399280000000e-01 9.866527575000000e-01 2.379518691814310e-04 1.542568861287661e-02 1.891018400000000e-03 8.933203799999956e-03 2.049607779058663e-01 9.787701872861790e-01 9.131138158689869e-03 1.492349125051732e+00
  11 2.707766866000000e-01 9.808397236000000e-01 2.840842411409811e-04 1.685479875705970e-02 2.365660800000002e-03 8.958546699999959e-03 2.548263634953287e-01 9.669868274530665e-01 9.265629390950551e-03 1.654624527071163e+00
  12 2.953763621000000e-01 9.736275884000000e-01 3.254008636779968e-04 1.803887090917823e-02 2.906003599999984e-03 8.989989500000073e-03 3.080577813241474e-01 9.513676488958638e-01 9.448002195749551e-03 1.805719538303048e+00
  13 3.199417887000000e-01 9.648684695000000e-01 3.562217688500332e-04 1.887383821192799e-02 3.508507499999980e-03 9.028175899999935e-03 3.636845218734776e-01 9.315221782382104e-01 9.685935952512659e-03 1.936880299907004e+00
  14 3.446337983000000e-01 9.543903477000000e-01 3.730432480791825e-04 1.931432753370364e-02 4.054303300000006e-03 9.073857000000074e-03 4.160138411348371e-01 9.093582814184069e-01 9.938033296315098e-03 2.033672427183722e+00
  15 3.692676980000000e-01 9.423429214000000e-01 3.737070366596174e-04 1.933150373508531e-02 4.612901800000013e-03 9.126379899999981e-03 4.611250947639065e-01 8.873351379151952e-01 1.022528234689455e-02 2.094314538722309e+00
  16 3.938410221000000e-01 9.288692654000000e-01 3.656007642356592e-04 1.912068942887937e-02 5.165894900000023e-03 9.185120099999944e-03 4.991704840410744e-01 8.665037956421192e-01 1.053760368781700e-02 2.134746791620049e+00
  17 4.183660776000000e-01 9.141020351000000e-01 3.528153830938127e-04 1.878338050229012e-02 5.717689000000026e-03 9.249500500000063e-03 5.313720543263056e-01 8.471385600248884e-01 1.087382868444847e-02 2.163999737676669e+00
  18 4.430417763000000e-01 8.980500772000000e-01 3.388325591612514e-04 1.840740500888844e-02 6.139841999999951e-03 9.319481100000027e-03 5.583379270183118e-01 8.296136204600877e-01 1.115967511068032e-02 2.176431887719339e+00
  19 4.676711647000000e-01 8.809615671000000e-01 3.209438156343408e-04 1.791490484580761e-02 6.554845800000042e-03 9.393981500000037e-03 5.808929490430771e-01 8.139799639745667e-01 1.145417643023243e-02 2.174099094443712e+00
  20 4.922557309000000e-01 8.629774995000000e-01 3.012414659760250e-04 1.735630911156013e-02 6.947720999999962e-03 9.472385699999974e-03 5.992029418042121e-01 8.005971736979703e-01 1.174666008163193e-02 2.160094438778390e+00
  21 5.168398415000000e-01 8.442011575000000e-01 2.802268844339989e-04 1.673997862704726e-02 7.349777599999996e-03 9.554244299999959e-03 6.142015718052865e-01 7.891491805684876e-01 1.205396901463539e-02 2.137892831048135e+00
  22 5.416955829000000e-01 8.245309155000000e-01 2.616343649331245e-04 1.617511560802965e-02 7.636699400000002e-03 9.639999999999982e-03 6.264800537430240e-01 7.794374524374216e-01 1.229801689202805e-02 2.107576947542495e+00
  23 5.667358940000000e-01 8.041316534000000e-01 2.441616749475309e-04 1.562567358380210e-02 7.883745300000022e-03 9.728933599999934e-03 6.362113913550220e-01 7.715147863198131e-01 1.252174469392523e-02 2.073025066565570e+00
  24 5.919124225000000e-01 7.831604584000000e-01 2.297638179902426e-04 1.515796219781019e-02 8.119759199999965e-03 9.820360999999944e-03 6.434139934693683e-01 7.655184080136804e-01 1.274203381172121e-02 2.046352912183461e+00
  25 6.172452153000000e-01 7.617156424000000e-01 2.171488202061693e-04 1.473597028383843e-02 8.332239000000019e-03 9.913853100000036e-03 6.484680066269412e-01 7.612419092386344e-01 1.295003087682465e-02 2.021857307511311e+00
  26 6.427906661000000e-01 7.398598598000000e-01 2.043945869960466e-04 1.429666349173983e-02 8.474939800000025e-03 1.000913660000002e-02 6.513031015745832e-01 7.588176789449019e-01 1.311486438045238e-02 1.986549815529671e+00
  27 6.685458241000000e-01 7.177265919000000e-01 1.904138458360290e-04 1.379905235282586e-02 8.557542500000070e-03 1.010563019999999e-02 6.519102669239411e-01 7.582961188606705e-01 1.324180997468919e-02 1.935965326175789e+00
  28 6.944568620000000e-01 6.954870812000000e-01 1.770559093756435e-04 1.330623573275490e-02 8.614665399999999e-03 1.020258699999999e-02 6.502708618767513e-01 7.597024458260400e-01 1.335279619209078e-02 1.882471433258837e+00
  29 7.205540355000000e-01 6.732523284000000e-01 1.669221468316032e-04 1.291983540265135e-02 8.632646800000088e-03 1.029952299999992e-02 6.464633588850386e-01 7.629450344678009e-01 1.343865977663309e-02 1.839559760509375e+00
  30 7.468488122000000e-01 6.511075781000000e-01 1.612879265648168e-04 1.269991836843122e-02 8.633971800000029e-03 1.039606609999999e-02 6.419872696621277e-01 7.667152963074145e-01 1.351372288251478e-02 1.818347565205004e+00
  31 7.733484166000000e-01 6.290409798000000e-01 1.603297109294183e-04 1.266213690217486e-02 8.618604699999977e-03 1.049226900000000e-02 6.378115343166797e-01 7.701924737963899e-01 1.357811210422311e-02 1.821576252397871e+00
  32 8.000334510000000e-01 6.070605712000000e-01 1.632140458369953e-04 1.277552526657888e-02 8.607731500000049e-03 1.058809610000000e-02 6.338035913888870e-01 7.734940255377212e-01 1.364544021358053e-02 1.847001623624098e+00
  33 8.269036235000000e-01 5.851519229000000e-01 1.690946981464159e-04 1.300364172631713e-02 8.603215800000008e-03 1.068361070000001e-02 6.301020666178224e-01 7.765123216304743e-01 1.371685940319230e-02 1.889820882440947e+00
  34 8.539572785000000e-01 5.632989385000000e-01 1.768806574689882e-04 1.329964877239201e-02 8.611558199999925e-03 1.077888210000000e-02 6.266730798607445e-01 7.792822665618980e-01 1.379642337348547e-02 1.944050965009397e+00
  35 8.812284852000000e-01 5.414610666000000e-01 1.861146309529058e-04 1.364238362431235e-02 8.608796099999982e-03 1.087408779999999e-02 6.234992279582899e-01 7.818239653115122e-01 1.386920016494185e-02 2.004668816906574e+00
  36 9.086960703000000e-01 5.196399846999999e-01 1.968192968695306e-04 1.402923008826680e-02 8.614269299999977e-03 1.096922020000002e-02 6.206129172641685e-01 7.841170875098045e-01 1.394727979584988e-02 2.073119384044169e+00
  37 9.363517508000000e-01 4.978266235000000e-01 2.098015023331334e-04 1.448452630682596e-02 8.630673900000052e-03 1.106431879999997e-02 6.180278875334925e-01 7.861561741987967e-01 1.403227969633128e-02 2.153443544084221e+00
  38 9.641923819000000e-01 4.760059041000000e-01 2.253124097995968e-04 1.501041004768347e-02 8.663258899999970e-03 1.115944980000000e-02 6.157893549368257e-01 7.879108263924846e-01 1.412739392368514e-02 2.246754252537960e+00
  39 9.922512458000000e-01 4.541319904000000e-01 2.429005179918729e-04 1.558526605457452e-02 8.692308199999998e-03 1.125481260000000e-02 6.139117378050631e-01 7.893746754141328e-01 1.422057407557109e-02 2.348185005263459e+00
  40 1.020525628000000e+00 4.321875300000000e-01 2.616097296291479e-04 1.617435407146597e-02 8.721136999999990e-03 1.135048290000001e-02 6.124064512615948e-01 7.905430655272235e-01 1.431392610811653e-02 2.452938603124936e+00
  41 1.048988496000000e+00 4.101718846000000e-01 2.803326400308966e-04 1.674313710243384e-02 8.763478999999963e-03 1.144646400000005e-02 6.113098459487583e-01 7.913913521426081e-01 1.441583361967688e-02 2.557275723251625e+00
  42 1.077635436000000e+00 3.880697171000000e-01 2.979168324109628e-04 1.726026744899866e-02 8.814638000000041e-03 1.154282179999999e-02 6.104097686240346e-01 7.920857998779883e-01 1.452344638038672e-02 2.655939436506630e+00
  43 1.106497987000000e+00 3.658654750000000e-01 3.139202393054168e-04 1.771779442553211e-02 8.844799000000014e-03 1.163962460000001e-02 6.088722149508727e-01 7.932683189569707e-01 1.461869779765748e-02 2.744222417475728e+00
  44 1.135591209000000e+00 3.436105502000000e-01 3.292836626825194e-04 1.814617487743683e-02 8.836805000000059e-03 1.173664840000005e-02 6.060672312678018e-01 7.954134215509447e-01 1.469118560098796e-02 2.824508580452178e+00
  45 1.164875884000000e+00 3.214103095000000e-01 3.439371091940835e-04 1.854554149099140e-02 8.815306000000023e-03 1.183343390000002e-02 6.019403929141326e-01 7.985410217254838e-01 1.475577115432532e-02 2.899361652614740e+00
  46 1.194365169000000e+00 2.993336325000000e-01 3.579227882684420e-04 1.891884743499038e-02 8.763837000000052e-03 1.192968059999999e-02 5.964183309513910e-01 8.026737659255827e-01 1.480255468976143e-02 2.967100866162080e+00
  47 1.224073332000000e+00 2.774525742000000e-01 3.710956285144221e-04 1.926384251686102e-02 8.671198000000047e-03 1.202507449999995e-02 5.893917149691114e-01 8.078473904926412e-01 1.482515731536132e-02 3.025820708115538e+00
  48 1.253994972000000e+00 2.558578696000000e-01 3.826548015640541e-04 1.956156439459927e-02 8.544845999999939e-03 1.211922009999999e-02 5.807653825466425e-01 8.140709861157392e-01 1.482845621375280e-02 3.073268352631414e+00
  49 1.284124853000000e+00 2.346417806000000e-01 3.935387714626234e-04 1.983781166012581e-02 8.383712999999959e-03 1.221171500000001e-02 5.703939154519961e-01 8.213712809779394e-01 1.481237087658330e-02 3.113288025991229e+00
  50 1.314478792000000e+00 2.138879079000000e-01 4.022571655903836e-04 2.005634975738067e-02 8.180737999999854e-03 1.230219489999998e-02 5.580749344688519e-01 8.297905564162482e-01 1.477370997446888e-02 3.139369427825433e+00
  51 1.345071857000000e+00 1.936844394000000e-01 4.065543663032402e-04 2.016319335579660e-02 7.925567000000022e-03 1.239027500000001e-02 5.436908399111607e-01 8.392855715408771e-01 1.470803721392584e-02 3.142063776232426e+00
  52 1.375854229000000e+00 1.741622338000000e-01 4.052951351208552e-04 2.013194315312994e-02 7.646752000000090e-03 1.247538519999999e-02 5.270340781376697e-01 8.498441507015135e-01 1.463223203103566e-02 3.121024916276237e+00
  53 1.406852354000000e+00 1.554078771000000e-01 3.974210553513447e-04 1.993542212623913e-02 7.327996999999975e-03 1.255714769999999e-02 5.077278672986988e-01 8.615175057816962e-01 1.453883085461761e-02 3.070830752621651e+00
  54 1.438095837000000e+00 1.375144317000000e-01 3.836592993330749e-04 1.958722285912617e-02 6.963285999999957e-03 1.263515710000002e-02 4.857795849371059e-01 8.740813433876353e-01 1.442677727476017e-02 2.993940414660769e+00
  55 1.469590710000000e+00 1.205592179000000e-01 3.652949347749206e-04 1.911269041173745e-02 6.560643000000033e-03 1.270907600000000e-02 4.619895137133839e-01 8.868853867433328e-01 1.430244205262754e-02 2.896229568351641e+00
  56 1.501285928000000e+00 1.046059707000000e-01 3.430009134927743e-04 1.852028383942250e-02 6.159275999999991e-03 1.277862680000001e-02 4.369514916323059e-01 8.994850715605585e-01 1.418548887721874e-02 2.783510775912820e+00
  57 1.533189867000000e+00 8.967217051000000e-02 3.175891889650479e-04 1.782103220818166e-02 5.753646000000057e-03 1.284373299000001e-02 4.106249879369721e-01 9.118043207189587e-01 1.407356205378627e-02 2.657283241017082e+00
  58 1.565345850000000e+00 7.576766471000000e-02 2.894796745712299e-04 1.701410222642470e-02 5.322229000000123e-03 1.290435189000000e-02 3.828607073527177e-01 9.238060828796143e-01 1.395879113123424e-02 2.516273290703456e+00
  59 1.597750051000000e+00 6.292627051000001e-02 2.591573237524747e-04 1.609836400857164e-02 4.872655000000004e-03 1.296033600999999e-02 3.536864638157940e-01 9.353640389246740e-01 1.384602435247883e-02 2.361607913335679e+00
  60 1.630379771000000e+00 5.118610347000000e-02 2.284593200962094e-04 1.511487082631570e-02 4.417887000000009e-03 1.301151914000000e-02 3.231302288141600e-01 9.463545082190440e-01 1.374106263410249e-02 2.200522027412534e+00
  61 1.663222561000000e+00 4.058059459000000e-02 1.992402594578845e-04 1.411524918157255e-02 3.961863000000010e-03 1.305775551000000e-02 2.911873166054983e-01 9.566660580621063e-01 1.364555574661907e-02 2.040707395498492e+00
  62 1.696316847000000e+00 3.112663679000000e-02 1.734130066363946e-04 1.316863723535562e-02 3.486840999999963e-03 1.309897155000000e-02 2.578904898442009e-01 9.661741536844785e-01 1.355511088495715e-02 1.891232270357977e+00
  63 1.729655127000000e+00 2.285943635000000e-02 1.514444555755100e-04 1.230627708023471e-02 3.001444999999991e-03 1.313501372000000e-02 2.232375889868194e-01 9.747640631780350e-01 1.347357468888298e-02 1.756752112138976e+00
  64 1.763227939000000e+00 1.581306565000000e-02 1.339302760921312e-04 1.157282489680593e-02 2.511154999999876e-03 1.316573349000000e-02 1.873899785388433e-01 9.822855979516405e-01 1.340307567525428e-02 1.643405790165239e+00
  65 1.797045181000000e+00 1.001704411000000e-02 1.194400114433540e-04 1.092886139738967e-02 2.012872999999971e-03 1.319100217000000e-02 1.500884845829822e-01 9.886725680403923e-01 1.334369104866828e-02 1.545083153255137e+00
  66 1.831113425000000e+00 5.512237969000000e-03 1.082065312719862e-04 1.040223683983335e-02 1.507280999999860e-03 1.321064158100000e-02 1.123824149785429e-01 9.936650304824007e-01 1.329634444810769e-02 1.465412716343861e+00
  67 1.865420848000000e+00 2.302877783000000e-03 9.867301712565691e-05 9.933429273199509e-03 1.003633999999920e-03 1.322463329700000e-02 7.343965165618230e-02 9.972996628720070e-01 1.326262886005431e-02 1.395821172106478e+00
  68 1.899950651000000e+00 4.841608314000000e-04 9.680449719075802e-05 9.838927644350171e-03 5.663360000001116e-04 1.323256227860000e-02 3.045402124885346e-02 9.995361687251614e-01 1.324367181094693e-02 1.380565886506858e+00
  69 1.934764500000000e+00 1.326994363000000e-05 1.073112995460956e-04 1.035911673580791e-02 2.517280000000621e-04 1.323461520637000e-02 3.291536643744214e-03 9.999945828785888e-01 1.323537208478885e-02 1.452646169540378e+00
  70 1.969835156000000e+00 -6.833454757000000e-06 1.176712549561100e-04 1.084763822018922e-02 9.109100000004311e-05 1.323470285475700e-02 -7.410436982239079e-04 9.999997254270810e-01 1.323463171845449e-02 1.521065844223600e+00
  71 2.005131775000000e+00 2.308574199000000e-06 1.308402816139917e-04 1.143854368414055e-02 4.322099999987117e-05 1.323466299580100e-02 3.412814290044762e-05 9.999999994176348e-01 1.323466446314606e-02 1.603927122192338e+00
  72 2.040659052000000e+00 -3.672180591000000e-07 1.454756807058157e-04 1.206132997251197e-02 3.888200000012887e-05 1.323467465805910e-02 8.666434115849388e-05 9.999999962446459e-01 1.323467797804112e-02 1.691256733543905e+00
  73 2.076462986000000e+00 -1.256698831000000e-07 1.509651642991564e-04 1.228678820111897e-02 3.518599999985383e-05 1.323467360988310e-02 -2.311412796610143e-05 9.999999997328686e-01 1.323467279305400e-02 1.722870129997684e+00
  74 2.112559849000000e+00 1.178948985000000e-07 1.590150060798883e-04 1.261011522865229e-02 2.129599999989296e-05 1.323467254510150e-02 9.739020280246705e-07 9.999999999995258e-01 1.323467256583544e-02 1.768207454597539e+00
  75 2.148890852000000e+00 -4.603056089000000e-08 1.722151294257470e-04 1.312307621808801e-02 1.739499999997562e-05 1.323467326056089e-02 2.579761710514388e-06 9.999999999966724e-01 1.323467330539181e-02 1.840135642853864e+00
  76 2.185457871000000e+00 9.749056139999999e-09 1.797693119092651e-04 1.340780787113483e-02 2.265299999981707e-05 1.323467301094386e-02 -1.508946369531932e-06 9.999999999988616e-01 1.323467297674663e-02 1.880061056838353e+00
  77 2.222287184000000e+00 1.005363574000000e-09 1.872749713815947e-04 1.368484458741109e-02 3.339000000002201e-05 1.323467305463643e-02 4.803013554908510e-07 9.999999999998846e-01 1.323467307067216e-02 1.918907535635152e+00
  78 2.259439811000000e+00 -1.933682469000000e-09 1.918362720256392e-04 1.385049717611751e-02 1.629499999999950e-05 1.323467306368247e-02 -5.826789849886839e-08 9.999999999999983e-01 1.323467306273297e-02 1.942135565942137e+00
  79 2.296836822000000e+00 8.835101990000000e-10 1.912135113780072e-04 1.382799737409605e-02 1.209300000004632e-05 1.323467305648980e-02 -3.377318086739823e-08 9.999999999999994e-01 1.323467305608137e-02 1.938980612103705e+00
  80 2.334477711000000e+00 -2.279977196000000e-10 1.946100641010221e-04 1.395027111209750e-02 1.557300000021300e-05 1.323467305799772e-02 2.568339941253548e-08 9.999999999999998e-01 1.323467305839768e-02 1.956126002406752e+00
  81 2.372361492000000e+00 6.147919672000000e-12 1.972545511802671e-04 1.404473393056156e-02 2.953399999983120e-05 1.323467305385208e-02 -9.473063723582170e-09 9.999999999999998e-01 1.323467305357230e-02 1.969371706662716e+00
  82 2.410596315000000e+00 2.964777620000000e-11 1.998284590568359e-04 1.413606943449401e-02 1.131300000034585e-05 1.323467306035222e-02 1.734093947205554e-09 1.000000000000000e+00 1.323467306037184e-02 1.982178896350362e+00
  83 2.449088852000000e+00 -1.634561175000000e-11 2.065477691200914e-04 1.437176986735077e-02 6.179999999744723e-06 1.323467305634561e-02 3.554127613962403e-10 1.000000000000000e+00 1.323467305634781e-02 2.015229131238683e+00
  84 2.487832988000000e+00 4.949783785000000e-12 2.066919210081029e-04 1.437678409826422e-02 7.423000000006397e-06 1.323467305505022e-02 -4.183257284777014e-10 1.000000000000000e+00 1.323467305504711e-02 2.015932233323771e+00
  85 2.526829845000000e+00 -5.510223170000000e-13 2.073808832257307e-04 1.440072509374895e-02 1.820999999990747e-05 1.323467306055102e-02 1.790557051035642e-10 1.000000000000000e+00 1.323467306055428e-02 2.019289273135032e+00
  86 2.566155624000000e+00 -4.100760868000000e-13 2.080754353936815e-04 1.442482011651034e-02 1.275100000031060e-05 1.323467306041008e-02 -4.209725096911085e-11 1.000000000000000e+00 1.323467306040954e-02 2.022667909999684e+00
  87 2.605775057000000e+00 2.910617095000000e-13 2.033245914154591e-04 1.425919322456425e-02 2.123000000242570e-06 1.323467305970894e-02 -1.595132755919353e-12 1.000000000000000e+00 1.323467305970893e-02 1.999443481674530e+00
  88 2.645653389000000e+00 -1.019149664000000e-13 2.019055088910293e-04 1.420934582910238e-02 4.319999997726143e-07 1.323467306010192e-02 6.454824362465147e-12 1.000000000000000e+00 1.323467306010192e-02 1.992453812096354e+00
  89 2.685792762000000e+00 1.759504587000000e-14 2.017000067908020e-04 1.420211275799492e-02 1.100699999989629e-05 1.323467305998241e-02 -3.257395284550346e-12 1.000000000000000e+00 1.323467305998237e-02 1.991439581002947e+00
  90 2.726242298000000e+00 4.708533403000000e-15 2.001626380820203e-04 1.414788457975327e-02 1.467000000010543e-05 1.323467305999529e-02 9.185538808622534e-13 1.000000000000000e+00 1.323467305999531e-02 1.983835632043468e+00
  91 2.767023115000000e+00 -4.894396563000000e-15 1.969907298812801e-04 1.403533860942728e-02 -1.390000003986813e-07 1.323467306000489e-02 -5.811242770009615e-14 1.000000000000000e+00 1.323467306000489e-02 1.968054282902767e+00
  92 2.808070415000000e+00 1.982540380000000e-15 1.903363922367194e-04 1.379624558482196e-02 -3.475000000197070e-06 1.323467305999802e-02 -8.883935091607573e-14 1.000000000000000e+00 1.323467305999802e-02 1.934528333569081e+00
  93 2.849386630000000e+00 -5.575894817000000e-16 1.873517874466064e-04 1.368765091045963e-02 3.318999999724070e-06 1.323467306000056e-02 5.478272294173322e-14 1.000000000000000e+00 1.323467306000056e-02 1.919301040525337e+00
  94 2.890990074000000e+00 6.195438687000000e-17 1.853356104794601e-04 1.361380220509539e-02 1.655300000003024e-05 1.323467305999994e-02 -2.107583027428020e-14 1.000000000000000e+00 1.323467305999994e-02 1.908945874545764e+00
  95 2.932965972000000e+00 1.239087737000000e-16 1.784508315079495e-04 1.335854900458690e-02 1.233000000322448e-06 1.323467305999988e-02 2.794420354422544e-15 1.000000000000000e+00 1.323467305999988e-02 1.873153923352802e+00
  96 2.975216761000000e+00 6.195438687000000e-17 1.782587995068045e-04 1.335135946287135e-02 -4.514000000011009e-06 1.323467305999994e-02 1.510292710957861e-15 1.000000000000000e+00 1.323467305999994e-02 1.872145796027983e+00
  97 3.017743628000000e+00 0.000000000000000e+00 1.832387649664073e-04 1.353657138888601e-02 -3.304999999897973e-06 1.323467306000000e-02 1.985123920572130e-15 1.000000000000000e+00 1.323467306000000e-02 1.898116464380292e+00
  98 3.060547647000000e+00 -6.195438687000000e-17 1.794949317705613e-04 1.339757186099635e-02 1.366100000010917e-05 1.323467306000006e-02 -1.224798876845634e-15 1.000000000000000e+00 1.323467306000006e-02 1.878625761391429e+00
  99 3.103739753000000e+00 6.195438687000000e-17 1.707534097803404e-04 1.306726481633935e-02 7.379999997780828e-07 1.323467305999994e-02 -1.262338017767574e-15 1.000000000000000e+00 1.323467305999994e-02 1.832309658018366e+00
 100 3.147229266000000e+00 0.000000000000000e+00 1.681625038579193e-04 1.296774860405303e-02 -4.882999999900051e-06 1.323467306000000e-02 2.342878013398002e-15 1.000000000000000e+00 1.323467306000000e-02 1.818355359282986e+00
 101 3.191001935000000e+00 -6.195438687000000e-17 1.682757470907983e-04 1.297211421052090e-02 -4.601000000103994e-06 1.323467306000006e-02 -2.586929718913293e-16 1.000000000000000e+00 1.323467306000006e-02 1.818967510563818e+00
 102 3.235059838000000e+00 0.000000000000000e+00 1.586833077671227e-04 1.259695628979964e-02 5.867999999686901e-06 1.323467306000000e-02 -8.170223489195946e-16 1.000000000000000e+00 1.323467306000000e-02 1.766362356303821e+00
 103 3.279482452000000e+00 0.000000000000000e+00 1.459569158852582e-04 1.208126300869483e-02 2.429000000248038e-06 1.323467306000000e-02 -8.102819740568648e-16 1.000000000000000e+00 1.323467306000000e-02 1.694051142532290e+00
 104 3.324246497000000e+00 6.195438687000000e-17 1.338089009001548e-04 1.156757973390090e-02 -6.645999999665975e-06 1.323467305999994e-02 -2.298915276509759e-16 1.000000000000000e+00 1.323467305999994e-02 1.622021774581422e+00
 105 3.369303667000000e+00 0.000000000000000e+00 1.264950243219469e-04 1.124700068115704e-02 -8.432000000002660e-06 1.323467306000000e-02 2.056014763061798e-15 1.000000000000000e+00 1.323467306000000e-02 1.577069743474930e+00
 106 3.414655010000000e+00 -6.195438687000000e-17 1.240828002761479e-04 1.113924594737669e-02 -1.832000000145939e-06 1.323467306000006e-02 -2.268929149918632e-16 1.000000000000000e+00 1.323467306000006e-02 1.561960228042445e+00
 107 3.460343787000000e+00 0.000000000000000e+00 1.175939737928048e-04 1.084407551581991e-02 4.722000000345616e-06 1.323467306000000e-02 -7.875875502705894e-16 1.000000000000000e+00 1.323467306000000e-02 1.520571028381720e+00
 108 3.506420393000000e+00 0.000000000000000e+00 1.098339608655849e-04 1.048016988724825e-02 -8.816999999883279e-06 1.323467306000000e-02 -7.816291503628663e-16 1.000000000000000e+00 1.323467306000000e-02 1.469543685842114e+00
 109 3.552798373000000e+00 6.195438687000000e-17 1.014980990780943e-04 1.007462649819309e-02 -1.101199999986591e-05 1.323467305999994e-02 -2.219218757166564e-16 1.000000000000000e+00 1.323467305999994e-02 1.412677839855568e+00
 110 3.599478832000000e+00 0.000000000000000e+00 9.494595305538599e-05 9.744021400601805e-03 -5.428000000140543e-06 1.323467306000000e-02 1.984802494351746e-15 1.000000000000000e+00 1.323467306000000e-02 1.366319943094414e+00
 111 3.646471868000000e+00 -6.195438687000000e-17 8.904918317181541e-05 9.436587474919914e-03 1.064700000030783e-05 1.323467306000006e-02 -1.968455379256532e-16 1.000000000000000e+00 1.323467306000006e-02 1.323211139595997e+00
 112 3.693898569000000e+00 0.000000000000000e+00 8.374166318493313e-05 9.151047108661015e-03 -9.364999999927903e-06 1.323467306000000e-02 -9.545680916155433e-16 1.000000000000000e+00 1.323467306000000e-02 1.283172280798541e+00
 113 3.741634640000000e+00 0.000000000000000e+00 1.030683868132513e-04 1.015226018250376e-02 -1.443500000020137e-05 1.323467306000000e-02 1.940462867631350e-16 1.000000000000000e+00 1.323467306000000e-02 1.423563740734550e+00
 114 3.789683072000000e+00 0.000000000000000e+00 1.707292700642830e-04 1.306634111234982e-02 -1.040999999979419e-05 1.323467306000000e-02 -2.142555732770599e-17 1.000000000000000e+00 1.323467306000000e-02 1.832180134987735e+00
 115 3.838046283000000e+00 0.000000000000000e+00 2.789817884771856e-04 1.670274793191784e-02 4.879000000013178e-06 1.323467306000000e-02 -0.000000000000000e+00 1.000000000000000e+00 1.323467306000000e-02 2.342082048634339e+00
 116 3.886832929000000e+00 0.000000000000000e+00 3.145640474477793e-04 1.773595352519225e-02 -8.634999999923565e-06 1.323467306000000e-02 -0.000000000000000e+00 1.000000000000000e+00 1.323467306000000e-02 2.486959543189136e+00
 117 3.935968622000000e+00 0.000000000000000e+00 2.856506829061159e-04 1.690120359341653e-02 -1.660399999980910e-05 1.323467306000000e-02 -0.000000000000000e+00 1.000000000000000e+00 1.323467306000000e-02 2.369909771601872e+00
 118 3.985426164000000e+00 0.000000000000000e+00 2.450183781672147e-04 1.565306290050656e-02 -1.485000000034375e-05 1.323467306000000e-02 -0.000000000000000e+00 1.000000000000000e+00 1.323467306000000e-02 2.194893784834309e+00
 119 4.035206560000000e+00 0.000000000000000e+00 2.193905174613554e-04 1.481183707246861e-02 -2.720999999539231e-06 1.323467306000000e-02 -0.000000000000000e+00 1.000000000000000e+00 1.323467306000000e-02 2.076935954259000e+00
 120 4.085387716000000e+00 0.000000000000000e+00 1.974301120054117e-04 1.405098259928507e-02 -3.634999999668764e-06 1.323467306000000e-02 -0.000000000000000e+00 1.000000000000000e+00 1.323467306000000e-02 1.970247904452474e+00
 121 4.135962473000000e+00 0.000000000000000e+00 1.720930021029708e-04 1.311842224137380e-02 -1.701100000062183e-05 1.323467306000000e-02 -0.000000000000000e+00 1.000000000000000e+00 1.323467306000000e-02 1.839483021785577e+00
 122 4.186867961000000e+00 0.000000000000000e+00 1.446492293233864e-04 1.202702079998976e-02 -1.922199999970786e-05 1.323467306000000e-02 -0.000000000000000e+00 1.000000000000000e+00 1.323467306000000e-02 1.686445226200184e+00
 123 4.238106103000000e+00 0.000000000000000e+00 1.212412066440379e-04 1.101095847980719e-02 -1.058299999989742e-05 1.323467306000000e-02 -0.000000000000000e+00 1.000000000000000e+00 1.323467306000000e-02 1.543971584731530e+00
 124 4.289717416000000e+00 0.000000000000000e+00 1.004103187367858e-04 1.002049493472183e-02 -1.847000000054777e-06 1.323467306000000e-02 -0.000000000000000e+00 1.000000000000000e+00 1.323467306000000e-02 1.405087438348750e+00
 125 4.341775707000000e+00 0.000000000000000e+00 7.778540575759540e-05 8.819603492084856e-03 -1.690700000001044e-05 1.323467306000000e-02 -0.000000000000000e+00 1.000000000000000e+00 1.323467306000000e-02 1.236696805764037e+00
 126 4.394175077000000e+00 0.000000000000000e+00 4.962996800738036e-05 7.044854008947265e-03 -2.044299999948151e-05 1.323467306000000e-02 -0.000000000000000e+00 1.000000000000000e+00 1.323467306000000e-02 9.878390176789629e-01
 127 4.446916846000000e+00 0.000000000000000e+00 1.884266010654393e-05 4.340813300125211e-03 -8.924999999493366e-06 1.323467306000000e-02 -0.000000000000000e+00 1.000000000000000e+00 1.323467306000000e-02 6.086747490973541e-01
 128 4.500002127000000e+00 0.000000000000000e+00 9.918077763593310e-06 3.149297979485795e-03 -1.399699999993231e-05 1.323467306000000e-02 -0.000000000000000e+00 1.000000000000000e+00 1.323467306000000e-02 4.415988491007036e-01
 129 4.553084350000000e+00 0.000000000000000e+00 3.381906440446407e-05 5.815416098996191e-03 -1.646099999952355e-05 1.323467306000000e-02 -0.000000000000000e+00 1.000000000000000e+00 1.323467306000000e-02 8.154455605937065e-01
 130 4.605825048000000e+00 0.000000000000000e+00 5.595077720289140e-05 7.480025214054523e-03 -3.446000000018046e-06 1.323467306000000e-02 -0.000000000000000e+00 1.000000000000000e+00 1.323467306000000e-02 1.048859316357879e+00
 131 4.658224372000000e+00 0.000000000000000e+00 8.054936870188176e-05 8.974930010974000e-03 -7.161000000088791e-06 1.323467306000000e-02 -0.000000000000000e+00 1.000000000000000e+00 1.323467306000000e-02 1.258476901653047e+00
 132 4.710282849000000e+00 0.000000000000000e+00 1.097410302491635e-04 1.047573530828092e-02 -2.266100000003490e-05 1.323467306000000e-02 -0.000000000000000e+00 1.000000000000000e+00 1.323467306000000e-02 1.468921863143539e+00
 133 4.761894162000000e+00 0.000000000000000e+00 1.408460923808472e-04 1.186785963772942e-02 -1.381499999997260e-05 1.323467306000000e-02 -0.000000000000000e+00 1.000000000000000e+00 1.323467306000000e-02 1.664127431398444e+00
 134 4.813132303000000e+00 0.000000000000000e+00 1.701105796254057e-04 1.304264465610429e-02 -5.224999999775548e-06 1.323467306000000e-02 -0.000000000000000e+00 1.000000000000000e+00 1.323467306000000e-02 1.828857385640435e+00
 135 4.864039035000000e+00 0.000000000000000e+00 1.944020990375324e-04 1.394281531963801e-02 -7.375000000031662e-06 1.323467306000000e-02 -0.000000000000000e+00 1.000000000000000e+00 1.323467306000000e-02 1.955080541277049e+00
 136 4.914615609000000e+00 0.000000000000000e+00 2.151411205492769e-04 1.466768968001699e-02 -2.107900000059004e-05 1.323467306000000e-02 -0.000000000000000e+00 1.000000000000000e+00 1.323467306000000e-02 2.056723410694642e+00
 137 4.964794319000000e+00 0.000000000000000e+00 2.353299560529241e-04 1.534046792157671e-02 -2.188599999985996e-05 1.323467306000000e-02 -0.000000000000000e+00 1.000000000000000e+00 1.323467306000000e-02 2.151061291424899e+00
 138 5.014574189000000e+00 0.000000000000000e+00 2.585577960488314e-04 1.607973246197932e-02 -9.499999999995623e-06 1.323467306000000e-02 -0.000000000000000e+00 1.000000000000000e+00 1.323467306000000e-02 2.254721971471457e+00
 139 5.064031643000000e+00 0.000000000000000e+00 2.838086679882955e-04 1.684662185686779e-02 -7.617999999709468e-06 1.323467306000000e-02 -0.000000000000000e+00 1.000000000000000e+00 1.323467306000000e-02 2.362256246213405e+00
 140 5.113167389000000e+00 0.000000000000000e+00 3.077917786005881e-04 1.754399551415207e-02 -1.612899999958728e-05 1.323467306000000e-02 -0.000000000000000e+00 1.000000000000000e+00 1.323467306000000e-02 2.460042929612659e+00
 141 5.161954238000000e+00 0.000000000000000e+00 3.235907605199986e-04 1.798862864478553e-02 -2.981799999979273e-05 1.323467306000000e-02 -0.000000000000000e+00 1.000000000000000e+00 1.323467306000000e-02 2.522389992367209e+00
 142 5.210317267000000e+00 0.000000000000000e+00 3.304164128816146e-04 1.817735989855553e-02 -1.375699999961455e-05 1.323467306000000e-02 -0.000000000000000e+00 1.000000000000000e+00 1.323467306000000e-02 2.548854145647417e+00
 143 5.258365495000000e+00 0.000000000000000e+00 3.340268161953311e-04 1.827640052623413e-02 -1.004199999954380e-05 1.323467306000000e-02 -0.000000000000000e+00 1.000000000000000e+00 1.323467306000000e-02 2.562741757261807e+00
 144 5.306101563000000e+00 0.000000000000000e+00 3.461013849787067e-04 1.860380028324070e-02 -1.407500000016881e-05 1.323467306000000e-02 -0.000000000000000e+00 1.000000000000000e+00 1.323467306000000e-02 2.608650196803485e+00
 145 5.353528660000000e+00 0.000000000000000e+00 3.463641871711771e-04 1.861086207490607e-02 -3.197500000062803e-05 1.323467306000000e-02 -0.000000000000000e+00 1.000000000000000e+00 1.323467306000000e-02 2.609640410842401e+00
 146 5.400521489000000e+00 0.000000000000000e+00 2.902126068614708e-04 1.703562757462932e-02 -1.820299999977237e-05 1.323467306000000e-02 -0.000000000000000e+00 1.000000000000000e+00 1.323467306000000e-02 2.388758885208071e+00
 147 5.447202036000000e+00 0.000000000000000e+00 1.707364630414795e-04 1.306661635778289e-02 -1.370699999991842e-05 1.323467306000000e-02 4.438424484057486e-17 1.000000000000000e+00 1.323467306000000e-02 1.832218730276990e+00
 148 5.493580055000000e+00 0.000000000000000e+00 9.395042728594878e-05 9.692802860161180e-03 -1.541099999968765e-05 1.323467306000000e-02 -4.019815022833596e-16 1.000000000000000e+00 1.323467306000000e-02 1.359138009641775e+00
 149 5.539656455000000e+00 0.000000000000000e+00 6.470883564199579e-05 8.044180234305779e-03 -2.911400000016329e-05 1.323467306000000e-02 1.980230902146555e-15 1.000000000000000e+00 1.323467306000000e-02 1.127965901152379e+00
 150 5.585345028000000e+00 -1.239087737000000e-16 6.128915442405787e-05 7.828739005999489e-03 -2.251799999974935e-05 1.323467306000012e-02 4.084084332402341e-16 1.000000000000000e+00 1.323467306000012e-02 1.097756438888538e+00
 151 5.630696332000000e+00 0.000000000000000e+00 6.206387276415839e-05 7.878062754520200e-03 -1.549600000050333e-05 1.323467306000000e-02 -4.112025984379349e-15 1.000000000000000e+00 1.323467306000000e-02 1.104672682039210e+00
 152 5.675753601000000e+00 1.239087737000000e-16 6.316865725253549e-05 7.947871240309287e-03 -1.728900000053102e-05 1.323467305999988e-02 4.138032397985182e-16 1.000000000000000e+00 1.323467305999988e-02 1.114461322930830e+00
 153 5.720517810000000e+00 0.000000000000000e+00 6.332685001811706e-05 7.957816912829615e-03 -2.721099999991594e-05 1.323467306000000e-02 2.037276300884377e-15 1.000000000000000e+00 1.323467306000000e-02 1.115855918668405e+00
 154 5.764940425000000e+00 0.000000000000000e+00 5.694652650598876e-05 7.546292235660421e-03 -3.060299999990690e-05 1.323467306000000e-02 -4.201832180637279e-16 1.000000000000000e+00 1.323467306000000e-02 1.058151368321560e+00
 155 5.808998330000000e+00 0.000000000000000e+00 6.783505048201496e-05 8.236203645006294e-03 -1.725999999990790e-05 1.323467306000000e-02 4.703502756057449e-17 1.000000000000000e+00 1.323467306000000e-02 1.154891685158243e+00
 156 5.852771114000000e+00 0.000000000000000e+00 1.300343599390566e-04 1.140326093444575e-02 -1.744600000019858e-05 1.323467306000000e-02 -0.000000000000000e+00 1.000000000000000e+00 1.323467306000000e-02 1.598980768872325e+00
 157 5.896260780000000e+00 0.000000000000000e+00 1.945979083029590e-04 1.394983542207431e-02 -2.564300000074127e-05 1.323467306000000e-02 -0.000000000000000e+00 1.000000000000000e+00 1.323467306000000e-02 1.956064909595522e+00
 158 5.939452886000000e+00 0.000000000000000e+00 2.010599763555586e-04 1.417956192396502e-02 -3.846099999993413e-05 1.323467306000000e-02 -0.000000000000000e+00 1.000000000000000e+00 1.323467306000000e-02 1.988277472364649e+00
 159 5.982256902000000e+00 0.000000000000000e+00 1.333331801025634e-04 1.154699874870364e-02 -2.185399999987681e-05 1.323467306000000e-02 -4.841782884125951e-17 1.000000000000000e+00 1.323467306000000e-02 1.619135880824894e+00
 160 6.024783636000000e+00 0.000000000000000e+00 8.831154521349904e-05 9.397422264296686e-03 -1.810400000046286e-05 1.323467306000000e-02 5.846287592637247e-16 1.000000000000000e+00 1.323467306000000e-02 1.317719340455781e+00
 161 6.067035281000000e+00 0.000000000000000e+00 7.058728207131628e-05 8.401623775873106e-03 -2.260299999967685e-05 1.323467306000000e-02 -4.313933975228986e-15 1.000000000000000e+00 1.323467306000000e-02 1.178087121056881e+00
 162 6.109013801000000e+00 1.239087737000000e-16 6.620439653419250e-05 8.136608417159604e-03 -4.143899999942136e-05 1.323467305999988e-02 1.571427003858249e-14 1.000000000000000e+00 1.323467305999988e-02 1.140926306753423e+00
 163 6.150614393000000e+00 -3.717263214000000e-16 6.395986197000679e-05 7.997490979676489e-03 -2.775000000010408e-05 1.323467306000037e-02 -5.301731400675692e-14 1.000000000000000e+00 1.323467306000037e-02 1.121419070320915e+00
 164 6.191929703000000e+00 1.982540380000000e-15 6.517531773832382e-05 8.073123171259300e-03 -2.068999999949028e-05 1.323467305999802e-02 9.082063962304574e-14 1.000000000000000e+00 1.323467305999802e-02 1.132024319165215e+00
 165 6.232976970000000e+00 -4.832442175000000e-15 6.691281979941235e-05 8.180025660070533e-03 -2.403600000011608e-05 1.323467306000483e-02 5.732996531497726e-14 1.000000000000000e+00 1.323467306000483e-02 1.147014331648760e+00
 166 6.273757969000000e+00 4.708533403000000e-15 6.728789074346326e-05 8.202919647507420e-03 -3.890700000042102e-05 1.323467305999529e-02 -9.159328931240702e-13 1.000000000000000e+00 1.323467305999533e-02 1.150224557726671e+00
 167 6.314207500000000e+00 1.759504587000000e-14 6.535899419502139e-05 8.084490966970115e-03 -3.517100000038909e-05 1.323467305998241e-02 3.248716787343415e-12 1.000000000000000e+00 1.323467305998229e-02 1.133618326950812e+00
 168 6.354346707000000e+00 -1.016051945000000e-13 6.343223939386417e-05 7.964435911843612e-03 -2.462200000064030e-05 1.323467306010160e-02 -6.440285142712059e-12 1.000000000000000e+00 1.323467306010176e-02 1.116784043727660e+00
 169 6.394225045000000e+00 2.904421656000000e-13 6.161084315774526e-05 7.849257490855122e-03 -2.620699999944520e-05 1.323467305970956e-02 1.593621139317464e-12 1.000000000000000e+00 1.323467305970952e-02 1.100633568737935e+00
 170 6.433844641000000e+00 -4.091467711000000e-13 6.176055205674356e-05 7.858788205362425e-03 -3.668200000017663e-05 1.323467306040915e-02 4.199603753217784e-11 1.000000000000000e+00 1.323467306040761e-02 1.101969978556222e+00
 171 6.473170420000000e+00 -5.496593203000000e-13 6.064551179831439e-05 7.787522828108717e-03 -4.210699999962486e-05 1.323467306054966e-02 -1.786240465616119e-10 1.000000000000000e+00 1.323467306055718e-02 1.091977050372524e+00
 172 6.512167277000000e+00 4.937764632000000e-12 5.924058886543087e-05 7.696790816010973e-03 -3.134699999929325e-05 1.323467305506223e-02 4.173184097582171e-10 1.000000000000000e+00 1.323467305504915e-02 1.079254483693793e+00
 173 6.550911412000000e+00 -1.630627071000000e-11 5.771967649220705e-05 7.597346674478337e-03 -3.001799999946542e-05 1.323467305630627e-02 -3.545425851621443e-10 1.000000000000000e+00 1.323467305631691e-02 1.065310290924843e+00
 174 6.589403891000000e+00 2.957603302000000e-11 5.376636663490829e-05 7.332555259587771e-03 -3.580399999947304e-05 1.323467306042397e-02 -1.729996595510235e-09 1.000000000000000e+00 1.323467306048591e-02 1.028180878663266e+00
 175 6.627638509000000e+00 6.132864757000000e-12 5.055723128584076e-05 7.110360840761934e-03 -5.360399999965182e-05 1.323467305386714e-02 9.449967632765534e-09 1.000000000000000e+00 1.323467305336058e-02 9.970244742952692e-01
 176 6.665525080000000e+00 -2.274724703000000e-10 4.829503906228661e-05 6.949463221162236e-03 -3.672800000042997e-05 1.323467305747247e-02 -2.561885424520089e-08 9.999999999999997e-01 1.323467305841339e-02 9.744631914653188e-01
 177 6.703165120000000e+00 8.813036312000000e-10 4.554828296819013e-05 6.748946804368081e-03 -3.421800000058539e-05 1.323467305869637e-02 3.369238246899620e-08 9.999999999999994e-01 1.323467305754348e-02 9.463465065265898e-01
 178 6.740560417000000e+00 -1.928989486000000e-09 4.407566856865794e-05 6.638950863552007e-03 -4.086800000013824e-05 1.323467306898948e-02 5.812771140761485e-08 9.999999999999983e-01 1.323467306661390e-02 9.309227266339812e-01
 179 6.777712946000000e+00 1.002937688000000e-09 4.180489188750650e-05 6.465670258179464e-03 -5.718199999993345e-05 1.323467305706231e-02 -4.791423486608558e-07 9.999999999998852e-01 1.323467308445911e-02 9.066250855118101e-01
 180 6.814542261000000e+00 9.725557770000001e-09 3.911267903640852e-05 6.254013034556973e-03 -4.638899999953594e-05 1.323467301444223e-02 1.505317305014536e-06 9.999999999988669e-01 1.323467294459707e-02 8.769462122127328e-01
 181 6.851109433000000e+00 -4.591998489000000e-08 3.686281182516397e-05 6.071475259371809e-03 -4.131100000037691e-05 1.323467325998489e-02 -2.573553657842966e-06 9.999999999966884e-01 1.323467336625714e-02 8.513505442768851e-01
 182 6.887440505000000e+00 1.176104640000000e-07 3.243290213423707e-05 5.694989212828860e-03 -4.565299999992334e-05 1.323467254953600e-02 -9.714118216063734e-07 9.999999999995282e-01 1.323467259387762e-02 7.985591105807335e-01
 183 6.923537656000000e+00 -1.253775373000000e-07 2.716453848828341e-05 5.211961098116851e-03 -5.946399999956498e-05 1.323467360753730e-02 2.305699839765570e-05 9.999999997341874e-01 1.323467223295800e-02 7.308282333556241e-01
 184 6.959344239000000e+00 -3.663721694000000e-07 2.218072167530828e-05 4.709641353150819e-03 -6.304999999962035e-05 1.323467465216940e-02 -8.645213462483437e-05 9.999999962630143e-01 1.323468005351870e-02 6.603926696608039e-01
 185 6.994869819000000e+00 2.302794268000000e-06 1.342746074146947e-05 3.664349975298411e-03 -6.720000000015602e-05 1.323466301573200e-02 -3.453377214234276e-05 9.999999994037093e-01 1.323466532850978e-02 5.138198408099921e-01
 186 7.030165188000000e+00 -6.816890835000000e-06 2.862351926665200e-06 1.691848671325305e-03 -1.153750000000286e-04 1.323470278083500e-02 7.410024596386313e-04 9.999997254576397e-01 1.323461365418968e-02 2.372322585616205e-01
 187 7.065235768000000e+00 1.324463408000000e-05 6.827081150783237e-06 2.612868376092304e-03 -2.757749999995340e-04 1.323461531592000e-02 -3.288571848524067e-03 9.999945926329789e-01 1.323545065739913e-02 3.664014864877816e-01
 188 7.100049616000000e+00 4.840800700000000e-04 1.509483266831848e-05 3.885206901610065e-03 -5.905539999995213e-04 1.323256263000000e-02 -3.045823602278316e-02 9.995360402998885e-01 1.324441048732666e-02 5.451898289758882e-01
 189 7.134579231000000e+00 2.303133971000000e-03 1.819768616296037e-05 4.265874607036682e-03 -1.028585000000248e-03 1.322463217900000e-02 -7.345096059988639e-02 9.972988300338840e-01 1.326446075605381e-02 5.995130563104395e-01
 190 7.168886694000000e+00 5.512782051000000e-03 1.783622332491363e-05 4.223295315853916e-03 -1.530175000000078e-03 1.321063920900000e-02 -1.123867376010619e-01 9.936645415890565e-01 1.329891512991812e-02 5.950707810958221e-01
 191 7.202955085000000e+00 1.001765985000000e-02 1.397877731137007e-05 3.738820310120569e-03 -2.034875000000547e-03 1.319099948000000e-02 -1.500892674967850e-01 9.886724491874337e-01 1.334699066131937e-02 5.287116874946048e-01
 192 7.236772326000000e+00 1.581377973000000e-02 6.119566645357070e-06 2.473775787204061e-03 -2.536502999999968e-03 1.316573038000000e-02 -1.873963718112926e-01 9.822843782896905e-01 1.340782274033644e-02 3.514144011579130e-01
 193 7.270345220000000e+00 2.286038611000000e-02 5.221119294734865e-06 2.284976869627976e-03 -3.027491000000104e-03 1.313500957000000e-02 -2.232357376442255e-01 9.747644871652017e-01 1.347938505400735e-02 3.263268800759617e-01
 194 7.303685351000000e+00 3.112772254000000e-02 1.991754182521339e-05 4.462907328772735e-03 -3.513335000000062e-03 1.309896680000000e-02 -2.578835390256989e-01 9.661760089650232e-01 1.356193872797221e-02 6.412695344804930e-01
 195 7.336780189000000e+00 4.058196669000000e-02 3.801348230012257e-05 6.165507464931218e-03 -3.987862999999869e-03 1.305774955000000e-02 -2.912036319773935e-01 9.566610918832095e-01 1.365312113146872e-02 8.918703626089353e-01
 196 7.369620626000000e+00 5.118758190000000e-02 6.026961026643367e-05 7.763350453665844e-03 -4.441793999999888e-03 1.301151267000000e-02 -3.231466722797467e-01 9.463488934819578e-01 1.374878156783309e-02 1.130874378944980e+00
 197 7.402250457000000e+00 6.292800965000001e-02 8.718237395638068e-05 9.337150205302508e-03 -4.897127000000445e-03 1.296032841000000e-02 -3.536923241261598e-01 9.353618229617005e-01 1.385467263793104e-02 1.370602674538634e+00
 198 7.434654602000000e+00 7.576961610000001e-02 1.183246123324266e-04 1.087771172317168e-02 -5.347609000000197e-03 1.290434338999999e-02 -3.828551600382024e-01 9.238083818802049e-01 1.396850028585921e-02 1.609860658138375e+00
 199 7.466811812000000e+00 8.967386866000000e-02 1.524954929895961e-04 1.234890655036291e-02 -5.779220000000862e-03 1.284372554000000e-02 -4.105981983446608e-01 9.118163847596285e-01 1.408405670856550e-02 1.842711008026604e+00
 200 7.498717300000000e+00 1.046076511000000e-01 1.884814796702041e-04 1.372885573054812e-02 -6.185684000000080e-03 1.277861940000000e-02 -4.369616603451795e-01 8.994801317363179e-01 1.419702101233091e-02 2.065059300521215e+00
 201 7.530409910000000e+00 1.205610196000000e-01 2.253545864632361e-04 1.501181489571584e-02 -6.588151999999958e-03 1.270906810000001e-02 -4.620172653234081e-01 8.868709300360901e-01 1.431514301631394e-02 2.276826056580171e+00
 202 7.561904484000000e+00 1.375165268000000e-01 2.623677437362963e-04 1.619776971488039e-02 -6.989397999999980e-03 1.263514789999998e-02 -4.857829174680389e-01 8.740794912914045e-01 1.443945380060890e-02 2.478032208454370e+00
 203 7.593148108000000e+00 1.554103047000000e-01 2.988964290365039e-04 1.728862137466443e-02 -7.352508000000313e-03 1.255713710000000e-02 -5.077362393210545e-01 8.615125717481510e-01 1.455126623831325e-02 2.665398268008454e+00
 204 7.624146225000000e+00 1.741650761000000e-01 3.341294987138798e-04 1.827920946632758e-02 -7.671418999999347e-03 1.247537280000000e-02 -5.270360386786387e-01 8.498429348614533e-01 1.464522171464644e-02 2.836314083892999e+00
 205 7.654928420000000e+00 1.936869676000000e-01 3.677881725805760e-04 1.917780416472585e-02 -7.950375000000065e-03 1.239026399999998e-02 -5.436876891520873e-01 8.392876126003906e-01 1.472151610369112e-02 2.991247708386906e+00
 206 7.685521602000000e+00 2.138906241000000e-01 4.006064337885424e-04 2.001515510278505e-02 -8.206767999999975e-03 1.230218289999999e-02 -5.580820896995009e-01 8.297857441271440e-01 1.478822622718370e-02 3.135999658092687e+00
 207 7.715875441000000e+00 2.346447917000000e-01 4.338074761238471e-04 2.082804542255099e-02 -8.407968999999405e-03 1.221170180000000e-02 -5.703941063824562e-01 8.213711483879618e-01 1.482619549548340e-02 3.271743132803502e+00
 208 7.746006197000000e+00 2.558608565000000e-01 4.672586088874809e-04 2.161616545290771e-02 -8.567110999999628e-03 1.211920699999997e-02 -5.807410503023914e-01 8.140883444035267e-01 1.484137820231056e-02 3.399021011331573e+00
 209 7.775930272000000e+00 2.774557735000000e-01 5.002314701423706e-04 2.236585500584251e-02 -8.694829000000404e-03 1.202506069999998e-02 -5.893741164725408e-01 8.078602297626812e-01 1.483907545976723e-02 3.516359824580674e+00
 210 7.805638757000000e+00 2.993367944000000e-01 5.327252890499054e-04 2.308084246837419e-02 -8.786870999999863e-03 1.192966680000002e-02 -5.964147395352277e-01 8.026764344772596e-01 1.481628179032032e-02 3.623196157946051e+00
 211 7.835128036000000e+00 3.214133097000000e-01 5.656909640654404e-04 2.378425874534332e-02 -8.837603999999999e-03 1.183342079999999e-02 -6.019479669402559e-01 7.985353123666433e-01 1.476918213531700e-02 3.721748553006090e+00
 212 7.864411321000000e+00 3.436138399000000e-01 5.991652921526815e-04 2.447785309525085e-02 -8.859246000000098e-03 1.173663400000002e-02 -6.061062136861411e-01 7.953837172906232e-01 1.470477162857368e-02 3.813577434869838e+00
 213 7.893502103000000e+00 3.658691510000000e-01 6.332929020097308e-04 2.516531148246989e-02 -8.867103000000043e-03 1.163960860000002e-02 -6.088912175651241e-01 7.932537331598640e-01 1.463226411641506e-02 3.901349004922616e+00
 214 7.922364928000000e+00 3.880733457000000e-01 6.693303780638699e-04 2.587142010141442e-02 -8.835003000000619e-03 1.154280599999996e-02 -6.103973272787432e-01 7.920953874698217e-01 1.453586560875901e-02 3.984392631011697e+00
 215 7.951012057000000e+00 4.101753260000000e-01 7.066957774427052e-04 2.658375025166135e-02 -8.781299999999881e-03 1.144644859999999e-02 -6.113135966220469e-01 7.913884549227498e-01 1.442671535792377e-02 4.063354118094506e+00
 216 7.979474672000000e+00 4.321912682000000e-01 7.445345644355864e-04 2.728616067598346e-02 -8.738422000000412e-03 1.135046650000004e-02 -6.124112522990021e-01 7.905393463057788e-01 1.432449832731308e-02 4.141167664581554e+00
 217 8.007749593000000e+00 4.541355476000000e-01 7.832633577494101e-04 2.798684258271036e-02 -8.709196999999946e-03 1.125479720000000e-02 -6.138784303520917e-01 7.894005781277665e-01 1.423093160037788e-02 4.219764336341473e+00
 218 8.035810943000000e+00 4.760093398000000e-01 8.241792959785854e-04 2.870852305463632e-02 -8.679456999999502e-03 1.115943480000003e-02 -6.157832905474268e-01 7.879155659603277e-01 1.413735697786399e-02 4.300114657351048e+00
 219 8.063649501000000e+00 4.978301146000000e-01 8.669199005672216e-04 2.944350353757551e-02 -8.644185999999721e-03 1.106430370000006e-02 -6.180670329539192e-01 7.861253988871869e-01 1.404061655289316e-02 4.380025372619696e+00
 220 8.091303784000001e+00 5.196437918000000e-01 9.111799969895645e-04 3.018575818145975e-02 -8.626965000001263e-03 1.096920379999999e-02 -6.206192333507593e-01 7.841120884128212e-01 1.395514570428847e-02 4.463108295068815e+00
 221 8.118771598000000e+00 5.414646066000000e-01 9.570418976286934e-04 3.093609376810029e-02 -8.621688999999932e-03 1.087407200000001e-02 -6.234897704857363e-01 7.818315074871592e-01 1.387722700009327e-02 4.548509738612064e+00
 222 8.146042981000001e+00 5.633024610000000e-01 1.004834779945502e-03 3.169912900925674e-02 -8.624368000001326e-03 1.077886669999994e-02 -6.266731986654672e-01 7.792821710230459e-01 1.380443892417290e-02 4.636252174340489e+00
 223 8.173096593000000e+00 5.851554486000000e-01 1.057633300414144e-03 3.252127458163569e-02 -8.616376000000869e-03 1.068359499999993e-02 -6.301029526064161e-01 7.765116026928874e-01 1.372513943433928e-02 4.729173903941989e+00
 224 8.199966742999999e+00 6.070640980000001e-01 1.114435653115693e-03 3.338316421664808e-02 -8.619350000000026e-03 1.058808069999995e-02 -6.338033585542434e-01 7.734942163231482e-01 1.365279216196724e-02 4.828919202228620e+00
 225 8.226651761999999e+00 6.290445030000000e-01 1.178407470863581e-03 3.432794009059648e-02 -8.628167999999548e-03 1.049225399999998e-02 -6.378129065347428e-01 7.701913374335649e-01 1.358420005110243e-02 4.940635030621305e+00
 226 8.253151252000000e+00 6.511111831000000e-01 1.250746763314846e-03 3.536589831058793e-02 -8.643397000000164e-03 1.039605069999994e-02 -6.419930937158577e-01 7.667104196638662e-01 1.351976157528825e-02 5.065877545818131e+00
 227 8.279446174000000e+00 6.732560613000000e-01 1.331580291468711e-03 3.649082475731004e-02 -8.642081999999718e-03 1.029950650000000e-02 -6.464465958794665e-01 7.629592378861729e-01 1.344474812005471e-02 5.198012394346179e+00
 228 8.305545454000001e+00 6.954906602000001e-01 1.428663745527216e-03 3.779766851972773e-02 -8.621465000000939e-03 1.020257119999990e-02 -6.502327421560672e-01 7.597350729222665e-01 1.335721000297971e-02 5.349112441054590e+00
 229 8.331458166000001e+00 7.177299508000000e-01 1.542868365188482e-03 3.927936309550452e-02 -8.564322000001567e-03 1.010561560000001e-02 -6.518993139282468e-01 7.583055350581855e-01 1.324621988071197e-02 5.512611136174497e+00
 230 8.357212860000001e+00 7.398633705000000e-01 1.671167199794860e-03 4.087991193477378e-02 -8.484392999999812e-03 1.000912130000009e-02 -6.513255923002305e-01 7.587983742831517e-01 1.312100726647574e-02 5.683005660312240e+00
 231 8.382755672000000e+00 7.617190802000000e-01 1.818349746967317e-03 4.264211236521143e-02 -8.338672000000713e-03 9.913837799999992e-03 -6.485350856661959e-01 7.611847624985276e-01 1.295418363110469e-02 5.852611823599791e+00
 232 8.408087437000001e+00 7.831669358000000e-01 1.985795297485704e-03 4.456226315489042e-02 -8.125429000001461e-03 9.820332800000053e-03 -6.434396509151515e-01 7.654968423384827e-01 1.274565694840986e-02 6.017698504985091e+00
 233 8.433265767000000e+00 8.041375395000000e-01 2.172112550544885e-03 4.660592827682852e-02 -7.888661000000852e-03 9.728907800000020e-03 -6.361253296868916e-01 7.715857469722621e-01 1.252486367150095e-02 6.184650053791146e+00
 234 8.458307947000000e+00 8.245341237000000e-01 2.377997720623908e-03 4.876471798979164e-02 -7.641032000000436e-03 9.639986099999942e-03 -6.264644538926560e-01 7.794499907043274e-01 1.230072201509138e-02 6.355317939248896e+00
 235 8.483160806000001e+00 8.442046857000000e-01 2.602822711350774e-03 5.101786658956619e-02 -7.354633000000277e-03 9.554229000000025e-03 -6.142653828218066e-01 7.890995117643775e-01 1.205693389444414e-02 6.517186280778750e+00
 236 8.507744229000000e+00 8.629816369000000e-01 2.845476883933796e-03 5.334301157540503e-02 -6.953753999999535e-03 9.472368000000064e-03 -5.991723026078201e-01 8.006201045362543e-01 1.175026505431398e-02 6.640887990323257e+00
 237 8.532329474000001e+00 8.809631199000000e-01 3.100771917231940e-03 5.568457521820509e-02 -6.558991000000347e-03 9.393974700000030e-03 -5.808294152722527e-01 8.140253008073477e-01 1.145658798825031e-02 6.759135720924639e+00
 238 8.556958675000001e+00 8.980507636000000e-01 3.366841072998819e-03 5.802448683959918e-02 -6.141233000001023e-03 9.319478300000017e-03 -5.583890611005602e-01 8.295792044423695e-01 1.116044272280229e-02 6.861099101259957e+00
 239 8.581634258999999e+00 9.141056151000000e-01 3.601085138201400e-03 6.000904213700965e-02 -5.718477000000277e-03 9.249484400000063e-03 -5.313719219298538e-01 8.471386430712350e-01 1.087423377772642e-02 6.913792179773076e+00
 240 8.606159471000000e+00 9.288699513999999e-01 3.793672680454343e-03 6.159279730986687e-02 -5.168223000000083e-03 9.185117300000045e-03 -4.991107280993981e-01 8.665382167545115e-01 1.053877071033315e-02 6.877345541679857e+00
 241 8.630732919000000e+00 9.423443604000000e-01 3.867693982467554e-03 6.219078695809818e-02 -4.617352000000352e-03 9.126373399999999e-03 -4.612052076459074e-01 8.872935007314635e-01 1.022731859100292e-02 6.738896686485759e+00
 242 8.655366317000000e+00 9.543945573000000e-01 3.767811381320380e-03 6.138250061149660e-02 -4.056551999999769e-03 9.073838800000011e-03 -4.160614780840126e-01 9.093364869257952e-01 9.938947718367544e-03 6.463770735321480e+00
 243 8.680058619000000e+00 9.648718077000000e-01 3.423161274317707e-03 5.850778815096078e-02 -3.508806000001030e-03 9.028161299999948e-03 -3.635762816039069e-01 9.315644301147811e-01 9.686032574768626e-03 6.004274882513861e+00
 244 8.704624219999999e+00 9.736277155000000e-01 2.856029025234234e-03 5.344182842338231e-02 -2.908194999999836e-03 8.989988499999990e-03 -3.080361927633424e-01 9.513746391132490e-01 9.448676380433087e-03 5.349993371972648e+00
 245 8.729223733000000e+00 9.808419993000000e-01 2.180360916585068e-03 4.669433495173764e-02 -2.366541999998972e-03 8.958536999999933e-03 -2.549208660598207e-01 9.669619186127812e-01 9.265845061690202e-03 4.584058900602937e+00
 246 8.753860373000000e+00 9.866556171000000e-01 1.531477729912182e-03 3.913409932414674e-02 -1.890816999999601e-03 8.933191399999929e-03 -2.048873406893887e-01 9.787855626362857e-01 9.131083237446765e-03 3.785982530931951e+00
 247 8.778503571000000e+00 9.912076104000000e-01 9.862601122036477e-04 3.140477849314731e-02 -1.473109999999167e-03 8.913346599999983e-03 -1.591126650552786e-01 9.872604316080974e-01 9.034184869408001e-03 3.005977108839504e+00
 248 8.803113259000000e+00 9.946411299000000e-01 5.738119998919025e-04 2.395437329365772e-02 -1.094411000000406e-03 8.898377099999966e-03 -1.177604589292505e-01 9.930420304865109e-01 8.965340805035905e-03 2.275372880094391e+00
 249 8.827720892000000e+00 9.971056868000000e-01 2.835553000482761e-04 1.683910033369586e-02 -7.724989999999821e-04 8.887633199999967e-03 -8.332726352522409e-02 9.965222361560216e-01 8.921094338344437e-03 1.591614832074081e+00
 250 8.852337033000000e+00 9.987944262000000e-01 1.037928458201555e-04 1.018787739522593e-02 -5.028389999992555e-04 8.880269800000007e-03 -5.339837548950156e-02 9.985732889953957e-01 8.894451007085217e-03 9.600720315133069e-01
 251 8.876952164000000e+00 9.997359941000000e-01 1.227070914722736e-05 3.502957200313381e-03 -2.802969999997629e-04 8.876164899999872e-03 -2.250313865617030e-02 9.997467723131799e-01 8.880224771550316e-03 3.295791661848568e-01
 252 8.901562751000000e+00 9.999944529000000e-01 9.615475507660735e-05 9.805853102948634e-03 -1.240360000007712e-04 8.875039100000093e-03 -2.911569836988189e-03 9.999957613715592e-01 8.875362621483253e-03 9.220881697671500e-01
 253 8.926172220000000e+00 1.000007403000000e+00 1.451102294664793e-04 1.204617073872354e-02 -4.656800000013561e-05 8.874983000000114e-03 7.702954028852573e-04 9.999997033224522e-01 8.874944495875598e-03 1.132701879473059e+00
 254 8.950781149999999e+00 9.999955997000000e-01 1.532583178457376e-04 1.237975435320659e-02 -1.619199999858267e-05 8.875034300000029e-03 1.568674165929090e-05 9.999999998769631e-01 8.875034044908352e-03 1.164080504627734e+00
 255 8.975390681000000e+00 1.000002018000000e+00 1.365025096796858e-04 1.168342884942968e-02 -5.042999999815834e-06 8.875006000000019e-03 -1.573315300842779e-04 9.999999876233947e-01 8.875006683580478e-03 1.098600944188120e+00
 256 9.000000000000000e+00 9.999996597000000e-01 1.205833493188014e-04 1.098104500121921e-02 -3.192999999512836e-06 8.875016299999983e-03 -5.621194665822772e-09 1.000000000000000e+00 8.875016300017932e-03 1.032556421029854e+00
